1,4,Hololens,1
10/22/2020 7:55:56 AM,-0.1429534,0.07876316,0.3054186,0.1208339,0.06273547,0.03709581
10/22/2020 7:55:56 AM,-0.1434222,0.07880436,0.3056365,0.1213049,0.06268132,0.03676734
10/22/2020 7:55:56 AM,-0.1440027,0.07881287,0.306036,0.121528,0.06251344,0.03642043
10/22/2020 7:55:56 AM,-0.1445441,0.07863275,0.3062589,0.121931,0.06234343,0.03622515
10/22/2020 7:55:56 AM,-0.1451677,0.07862405,0.306707,0.1222847,0.0622415,0.03606128
10/22/2020 7:55:56 AM,-0.145764,0.07875428,0.3069251,0.1223868,0.06211212,0.03602018
10/22/2020 7:55:56 AM,-0.1464379,0.0787994,0.3071928,0.1221563,0.06203616,0.0360307
10/22/2020 7:55:56 AM,-0.1470539,0.07879198,0.307441,0.1219218,0.0620654,0.03609343
10/22/2020 7:55:56 AM,-0.1477915,0.07892672,0.3078523,0.1215004,0.06220143,0.03598848
10/22/2020 7:55:56 AM,-0.1484892,0.07883306,0.3082617,0.1210854,0.0624375,0.03591482
10/22/2020 7:55:56 AM,-0.1493357,0.07884291,0.3087378,0.1208325,0.06250751,0.03598614
10/22/2020 7:55:56 AM,-0.1501917,0.07876147,0.309147,0.1208749,0.06255645,0.03571221
10/22/2020 7:55:56 AM,-0.1511804,0.07886844,0.3096799,0.1211038,0.06259514,0.03550395
10/22/2020 7:55:56 AM,-0.1521687,0.0787359,0.3100376,0.1214679,0.06250007,0.03527332
10/22/2020 7:55:56 AM,-0.1532369,0.07893163,0.3105927,0.1220747,0.06254197,0.03478503
10/22/2020 7:55:56 AM,-0.1543395,0.07913312,0.311152,0.1222488,0.06277058,0.03421105
10/22/2020 7:55:56 AM,-0.1554605,0.07928491,0.3118986,0.1226198,0.06333482,0.03376612
10/22/2020 7:55:56 AM,-0.1566514,0.07940602,0.3125516,0.1225035,0.06429203,0.03337238
10/22/2020 7:55:56 AM,-0.1579629,0.07925788,0.3133287,0.1227071,0.06575814,0.03311004
10/22/2020 7:55:56 AM,-0.1594413,0.07922304,0.3140921,0.1228489,0.06730723,0.03282852
10/22/2020 7:55:56 AM,-0.1610422,0.07885698,0.3149876,0.1232261,0.06874187,0.03258375
10/22/2020 7:55:56 AM,-0.1625309,0.07839781,0.3159403,0.1241473,0.07067353,0.03226222
10/22/2020 7:55:56 AM,-0.1641896,0.07791246,0.3169404,0.1248068,0.07288489,0.03192427
10/22/2020 7:55:56 AM,-0.1657463,0.07708839,0.3179353,0.1260046,0.07567578,0.03166446
10/22/2020 7:55:56 AM,-0.1674375,0.07620208,0.3192235,0.1278993,0.07942657,0.03136909
10/22/2020 7:55:56 AM,-0.1693711,0.07527518,0.3203267,0.1304275,0.08348274,0.03117513
10/22/2020 7:55:56 AM,-0.1713847,0.07453276,0.3216397,0.1334488,0.0877118,0.03071804
10/22/2020 7:55:56 AM,-0.1732347,0.07293984,0.3228205,0.1374224,0.09292383,0.03041172
10/22/2020 7:55:56 AM,-0.1757743,0.07213594,0.3239238,0.1421942,0.0986555,0.0286112
10/22/2020 7:55:56 AM,-0.1785282,0.0709805,0.3251249,0.1473908,0.1046139,0.02646631
10/22/2020 7:55:56 AM,-0.181565,0.07014443,0.3263198,0.1519302,0.1098434,0.02439173
10/22/2020 7:55:56 AM,-0.1848792,0.06937201,0.3273449,0.1556732,0.1143706,0.02292324
10/22/2020 7:55:56 AM,-0.1884064,0.06881757,0.3284599,0.1580654,0.1186792,0.02191005
10/22/2020 7:55:56 AM,-0.1918994,0.06821604,0.3297197,0.1592666,0.1227511,0.02097028
10/22/2020 7:55:56 AM,-0.1956388,0.06744728,0.3307265,0.1598611,0.1265707,0.02031789
10/22/2020 7:55:56 AM,-0.1993623,0.06684876,0.3316804,0.1597141,0.1301571,0.0206027
10/22/2020 7:55:56 AM,-0.2027921,0.06623839,0.3326167,0.158673,0.1344725,0.02225379
10/22/2020 7:55:56 AM,-0.2063574,0.06608934,0.33373,0.1562288,0.1398122,0.02497703
10/22/2020 7:55:56 AM,-0.2101486,0.06526974,0.33488,0.1524076,0.1459406,0.02915468
10/22/2020 7:55:56 AM,-0.2139071,0.06465512,0.3363148,0.1488828,0.1528159,0.03312825
10/22/2020 7:55:56 AM,-0.2180694,0.06414966,0.3380963,0.1462705,0.1597801,0.03561336
10/22/2020 7:55:56 AM,-0.2222878,0.0632318,0.3397262,0.1448093,0.1654568,0.03812484
10/22/2020 7:55:56 AM,-0.226254,0.06258398,0.3412892,0.144471,0.1692297,0.04061362
10/22/2020 7:55:56 AM,-0.230356,0.0627636,0.3432575,0.1451561,0.171929,0.0408317
10/22/2020 7:55:56 AM,-0.2341268,0.06281388,0.3456384,0.1451327,0.1736531,0.04006527
10/22/2020 7:55:56 AM,-0.2381876,0.06244806,0.348022,0.1451008,0.1751128,0.03925597
10/22/2020 7:55:56 AM,-0.2423131,0.0620694,0.3506052,0.145183,0.1764111,0.03809664
10/22/2020 7:55:56 AM,-0.2465267,0.06160406,0.353152,0.1460988,0.177549,0.03740888
10/22/2020 7:55:56 AM,-0.2506706,0.06187242,0.3558889,0.1475911,0.1788132,0.03683826
10/22/2020 7:55:56 AM,-0.2549545,0.06184632,0.3587251,0.1491982,0.1802905,0.03704883
10/22/2020 7:55:56 AM,-0.2595785,0.06248856,0.3618817,0.1508817,0.1807709,0.03753608
10/22/2020 7:55:56 AM,-0.2641611,0.06291103,0.365078,0.1512545,0.1811885,0.03791348
10/22/2020 7:55:56 AM,-0.2686425,0.06256831,0.3686914,0.1506572,0.1808108,0.03867487
10/22/2020 7:55:56 AM,-0.2729655,0.062336,0.3724847,0.1492488,0.1802453,0.03971158
10/22/2020 7:55:56 AM,-0.2771954,0.06201943,0.3767435,0.1469824,0.1800043,0.03997926
10/22/2020 7:55:56 AM,-0.2813521,0.06110566,0.3814284,0.1449064,0.1802042,0.0400569
10/22/2020 7:55:56 AM,-0.2856933,0.06025846,0.3860701,0.1439344,0.180661,0.04012603
10/22/2020 7:55:56 AM,-0.2900382,0.05906055,0.3910051,0.1431439,0.1811258,0.04037343
10/22/2020 7:55:56 AM,-0.2943308,0.05813801,0.3964276,0.142544,0.1816085,0.04077663
10/22/2020 7:55:56 AM,-0.2985842,0.05710326,0.4020815,0.1416601,0.1820632,0.0414541
10/22/2020 7:55:57 AM,-0.3027216,0.05571864,0.4079659,0.1407299,0.1819129,0.04307199
10/22/2020 7:55:57 AM,-0.3066359,0.05438866,0.4139152,0.1396787,0.181971,0.04430445
10/22/2020 7:55:57 AM,-0.3104961,0.05307471,0.4203625,0.1382768,0.182111,0.04544328
10/22/2020 7:55:57 AM,-0.3143008,0.05207726,0.4271665,0.1372823,0.1817382,0.04680405
10/22/2020 7:55:57 AM,-0.3180243,0.05071062,0.4340956,0.1363126,0.1813893,0.04782623
10/22/2020 7:55:57 AM,-0.3217484,0.04972912,0.4411198,0.1358821,0.1806619,0.04839109
10/22/2020 7:55:57 AM,-0.3251737,0.04865607,0.4485678,0.1346105,0.1800678,0.0488351
10/22/2020 7:55:57 AM,-0.328119,0.04801356,0.4558895,0.1330945,0.1802602,0.0481248
10/22/2020 7:55:57 AM,-0.3313134,0.04740661,0.4638097,0.1306064,0.1810611,0.04676034
10/22/2020 7:55:57 AM,-0.3344382,0.04666292,0.4715037,0.1286178,0.181466,0.04605903
10/22/2020 7:55:57 AM,-0.3373069,0.04628833,0.4793637,0.1262211,0.1817773,0.04534755
10/22/2020 7:55:57 AM,-0.339941,0.04625002,0.4871497,0.1223607,0.1825342,0.04424874
10/22/2020 7:55:57 AM,-0.3425164,0.04543331,0.4950073,0.117659,0.183688,0.04324835
10/22/2020 7:55:57 AM,-0.3452327,0.04582574,0.5031298,0.1138831,0.1850512,0.04105148
10/22/2020 7:55:57 AM,-0.347967,0.04554084,0.5113423,0.1108313,0.1866281,0.0384849
10/22/2020 7:55:57 AM,-0.3509537,0.04553911,0.5191311,0.1098347,0.1875819,0.03676897
10/22/2020 7:55:57 AM,-0.3539808,0.04579814,0.5274673,0.1097945,0.1880787,0.03476235
10/22/2020 7:55:57 AM,-0.3570222,0.04949998,0.536057,0.1095634,0.1880364,0.03095012
10/22/2020 7:55:57 AM,-0.3600905,0.05267395,0.5451695,0.1082843,0.1891466,0.02825708
10/22/2020 7:55:57 AM,-0.3634222,0.05506174,0.553768,0.107868,0.1898533,0.02789834
10/22/2020 7:55:57 AM,-0.3667241,0.05900839,0.5626416,0.106592,0.1903362,0.02779952
10/22/2020 7:55:57 AM,-0.3698189,0.06094545,0.5710049,0.1047556,0.1915255,0.0279611
10/22/2020 7:55:57 AM,-0.3729892,0.06224856,0.5790524,0.1039107,0.1932056,0.0285837
10/22/2020 7:55:57 AM,-0.3761991,0.06343517,0.586969,0.1029113,0.1954577,0.02930659
10/22/2020 7:55:57 AM,-0.3797508,0.06433661,0.59508,0.1019457,0.1975443,0.03033073
10/22/2020 7:55:57 AM,-0.3832849,0.06500809,0.6031689,0.1010738,0.1981892,0.03264148
10/22/2020 7:55:57 AM,-0.3865196,0.06570177,0.6114696,0.09935781,0.1984671,0.03453447
10/22/2020 7:55:57 AM,-0.3895414,0.06593784,0.6199442,0.09704834,0.1983235,0.03517935
10/22/2020 7:55:57 AM,-0.3925031,0.06580642,0.6287892,0.09456344,0.198348,0.03496702
10/22/2020 7:55:57 AM,-0.3958579,0.06564923,0.6374425,0.0930977,0.1984585,0.03408834
10/22/2020 7:55:57 AM,-0.3993531,0.0662356,0.6464211,0.09263134,0.1985963,0.03332656
10/22/2020 7:55:57 AM,-0.4030801,0.06676833,0.655196,0.09222865,0.1985287,0.03259271
10/22/2020 7:55:57 AM,-0.4068815,0.0672529,0.6642464,0.09303522,0.1987599,0.03154318
10/22/2020 7:55:57 AM,-0.4107734,0.06834321,0.673009,0.09431639,0.1990495,0.03053418
10/22/2020 7:55:57 AM,-0.4147695,0.06913352,0.6817599,0.09628931,0.2000757,0.03003193
10/22/2020 7:55:57 AM,-0.4189399,0.06926905,0.6901159,0.09960496,0.2014796,0.03061083
10/22/2020 7:55:57 AM,-0.4232946,0.07009515,0.6984521,0.1029667,0.2032161,0.03167025
10/22/2020 7:55:57 AM,-0.4280559,0.07019761,0.7063088,0.1056925,0.2049085,0.03382948
10/22/2020 7:55:57 AM,-0.4328424,0.07003881,0.7139933,0.1080868,0.2057861,0.0369408
10/22/2020 7:55:57 AM,-0.4373918,0.07009256,0.7216059,0.1089243,0.2061698,0.03978696
10/22/2020 7:55:57 AM,-0.4418784,0.06996648,0.7294319,0.1082167,0.2066217,0.0417723
10/22/2020 7:55:57 AM,-0.4465757,0.06970629,0.7371682,0.1079897,0.2073175,0.04318258
10/22/2020 7:55:57 AM,-0.4513485,0.06872007,0.7448762,0.107738,0.2079889,0.04501136
10/22/2020 7:55:57 AM,-0.456139,0.06823191,0.7524883,0.1077006,0.2088009,0.04714424
10/22/2020 7:55:57 AM,-0.4609895,0.06789443,0.760147,0.1077731,0.2097584,0.04918249
10/22/2020 7:55:57 AM,-0.4659377,0.06783497,0.7678732,0.1071458,0.2110501,0.05116759
10/22/2020 7:55:57 AM,-0.4712199,0.06778174,0.775369,0.1054322,0.2121992,0.05286758
10/22/2020 7:55:57 AM,-0.4764012,0.06705045,0.7828952,0.1037414,0.2138817,0.05369204
10/22/2020 7:55:57 AM,-0.4819095,0.0664126,0.7901423,0.1026212,0.2171081,0.05389048
10/22/2020 7:55:57 AM,-0.4878278,0.06613412,0.797415,0.1008793,0.2204506,0.05488009
10/22/2020 7:55:57 AM,-0.4938186,0.06575216,0.8047589,0.09908391,0.2236328,0.05621029
10/22/2020 7:55:57 AM,-0.5003797,0.06528238,0.8116604,0.09663327,0.2270408,0.05823988
10/22/2020 7:55:57 AM,-0.5071253,0.06476311,0.8188196,0.09427345,0.23039,0.06010713
10/22/2020 7:55:57 AM,-0.5142731,0.06365409,0.8257543,0.09253112,0.2332737,0.06177967
10/22/2020 7:55:57 AM,-0.5216752,0.06266159,0.8327276,0.09140272,0.2358227,0.063388
10/22/2020 7:55:57 AM,-0.5290455,0.06236532,0.8395325,0.08981048,0.2381701,0.064748
10/22/2020 7:55:57 AM,-0.5366584,0.06207942,0.846362,0.0876176,0.2413934,0.06560511
10/22/2020 7:55:57 AM,-0.5445014,0.06204356,0.8533837,0.08450934,0.2450039,0.06598122
10/22/2020 7:55:57 AM,-0.5529166,0.06139499,0.8605771,0.08125947,0.2488588,0.06641173
10/22/2020 7:55:57 AM,-0.5612266,0.06086444,0.8674549,0.07869157,0.2524985,0.06730934
10/22/2020 7:55:58 AM,-0.5699389,0.05973305,0.8741483,0.07700726,0.2555144,0.06907852
10/22/2020 7:55:58 AM,-0.5785458,0.05838802,0.8804686,0.07609837,0.257734,0.07117963
10/22/2020 7:55:58 AM,-0.5869772,0.05851374,0.8873859,0.07589277,0.2597205,0.0720203
10/22/2020 7:55:58 AM,-0.5957882,0.05984012,0.8941438,0.072877,0.261555,0.06957044
10/22/2020 7:55:58 AM,-0.604404,0.05704006,0.9009517,0.07145476,0.264546,0.06703524
10/22/2020 7:55:58 AM,-0.6134703,0.0578146,0.9076315,0.07132711,0.2664981,0.06521679
10/22/2020 7:55:58 AM,-0.6220028,0.05967678,0.914767,0.07053884,0.2689415,0.0629565
10/22/2020 7:55:58 AM,-0.6305604,0.06126407,0.9218597,0.07091815,0.2736371,0.06023797
10/22/2020 7:55:58 AM,-0.6395589,0.06199919,0.9289354,0.07238183,0.2780688,0.05876257
10/22/2020 7:55:58 AM,-0.6488305,0.06493813,0.9358065,0.07394407,0.281651,0.05852789
10/22/2020 7:55:58 AM,-0.657608,0.06761983,0.9430712,0.07427423,0.2844163,0.05884048
10/22/2020 7:55:58 AM,-0.666147,0.06920443,0.9501554,0.07466473,0.286893,0.05969918
10/22/2020 7:55:58 AM,-0.6744246,0.07149461,0.9571278,0.07566793,0.2882217,0.06119539
10/22/2020 7:55:58 AM,-0.6823337,0.07404154,0.9642733,0.07502102,0.2889227,0.06159478
10/22/2020 7:55:58 AM,-0.6898713,0.07494596,0.9712361,0.07434148,0.2895392,0.06126079
10/22/2020 7:55:58 AM,-0.6970589,0.07576247,0.9783624,0.07365291,0.2905223,0.05960584
10/22/2020 7:55:58 AM,-0.7039816,0.07607651,0.9856782,0.07250747,0.2919465,0.05665592
10/22/2020 7:55:58 AM,-0.7108437,0.07592338,0.9929672,0.07213507,0.2938026,0.05442624
10/22/2020 7:55:58 AM,-0.7172798,0.07522516,1.000304,0.07231566,0.2964995,0.05174145
10/22/2020 7:55:58 AM,-0.7237131,0.07502525,1.007765,0.07433968,0.2999494,0.0483798
10/22/2020 7:55:58 AM,-0.7300403,0.07580224,1.015558,0.07641459,0.3042001,0.04606842
10/22/2020 7:55:58 AM,-0.736333,0.07553405,1.023446,0.0786966,0.3082236,0.04521203
10/22/2020 7:55:58 AM,-0.7422421,0.07502733,1.031139,0.08232743,0.3114747,0.04561749
10/22/2020 7:55:58 AM,-0.7479265,0.07635064,1.039111,0.085648,0.3142846,0.04592682
10/22/2020 7:55:58 AM,-0.7530322,0.07716481,1.04728,0.0886348,0.3173237,0.04535015
10/22/2020 7:55:58 AM,-0.7584043,0.07838619,1.055384,0.09246903,0.3205037,0.04438998
10/22/2020 7:55:58 AM,-0.763316,0.07834324,1.0629,0.09546694,0.3231525,0.04394899
10/22/2020 7:55:58 AM,-0.7680241,0.07872969,1.070707,0.09803504,0.325394,0.04399615
10/22/2020 7:55:58 AM,-0.7725489,0.07869647,1.078408,0.09944121,0.3276316,0.04335301
10/22/2020 7:55:58 AM,-0.7766812,0.07875153,1.086531,0.1001106,0.330084,0.04157554
10/22/2020 7:55:58 AM,-0.7806221,0.07806826,1.094805,0.1004024,0.3326412,0.03996782
10/22/2020 7:55:58 AM,-0.7840452,0.07729279,1.103594,0.1007565,0.335355,0.03787755
10/22/2020 7:55:58 AM,-0.7876669,0.076194,1.112338,0.1013887,0.3377995,0.03652824
10/22/2020 7:55:58 AM,-0.7909852,0.07487242,1.121443,0.1023649,0.3399878,0.03429566
10/22/2020 7:55:58 AM,-0.7941281,0.07333136,1.13062,0.1039036,0.3418843,0.03238755
10/22/2020 7:55:58 AM,-0.7970108,0.07145772,1.139934,0.1052623,0.3437676,0.03070905
10/22/2020 7:55:58 AM,-0.7997298,0.0693386,1.149335,0.1064524,0.3456735,0.02960642
10/22/2020 7:55:58 AM,-0.8018568,0.0673641,1.159074,0.1077568,0.3476449,0.02799904
10/22/2020 7:55:58 AM,-0.8040923,0.0651507,1.168789,0.1092396,0.3497041,0.02659626
10/22/2020 7:55:58 AM,-0.8058748,0.06331349,1.178772,0.1108035,0.3516965,0.02571227
10/22/2020 7:55:58 AM,-0.8076263,0.06094147,1.188534,0.1121559,0.3533404,0.02539433
10/22/2020 7:55:58 AM,-0.8086736,0.05843396,1.198597,0.1140665,0.3549018,0.02486189
10/22/2020 7:55:58 AM,-0.8095703,0.05640393,1.208485,0.1164478,0.3559284,0.02422261
10/22/2020 7:55:58 AM,-0.8097681,0.0551038,1.218646,0.118998,0.3567934,0.02282848
10/22/2020 7:55:58 AM,-0.8100339,0.05374494,1.228542,0.1205011,0.3576264,0.02045016
10/22/2020 7:55:58 AM,-0.8097873,0.05131191,1.238209,0.1227676,0.3579349,0.0174418
10/22/2020 7:55:58 AM,-0.8098198,0.04910921,1.247742,0.1248243,0.3584629,0.01374292
10/22/2020 7:55:58 AM,-0.8096404,0.04653377,1.256983,0.1272952,0.3587369,0.01094155
10/22/2020 7:55:58 AM,-0.8089024,0.0440334,1.266023,0.1307346,0.3593706,0.007089927
10/22/2020 7:55:58 AM,-0.8082093,0.04452303,1.275147,0.1339245,0.3603165,0.0007194069
10/22/2020 7:55:58 AM,-0.8076868,0.04310399,1.284267,0.1356784,0.3616762,-0.004934632
10/22/2020 7:55:58 AM,-0.8071687,0.04256755,1.293375,0.1372311,0.3632073,-0.0118541
10/22/2020 7:55:58 AM,-0.8063337,0.04663094,1.303794,0.1384231,0.3651004,-0.02107434
10/22/2020 7:55:58 AM,-0.8052719,0.04960068,1.313983,0.1358573,0.3680567,-0.02781908
10/22/2020 7:55:58 AM,-0.8050424,0.04946302,1.324048,0.138569,0.3720319,-0.0315637
10/22/2020 7:55:58 AM,-0.804667,0.05421091,1.334205,0.1404175,0.3753248,-0.03485034
10/22/2020 7:55:58 AM,-0.8046914,0.05608509,1.34405,0.1427512,0.379028,-0.03774695
10/22/2020 7:55:58 AM,-0.8049982,0.05779974,1.353697,0.1475798,0.3830304,-0.03932879
10/22/2020 7:55:58 AM,-0.8055866,0.05940093,1.363355,0.1516653,0.3863745,-0.04148208
10/22/2020 7:55:58 AM,-0.806294,0.06037294,1.373005,0.1559263,0.3887309,-0.04191153
10/22/2020 7:55:59 AM,-0.8072354,0.06206694,1.383037,0.1574327,0.3898072,-0.04373079
10/22/2020 7:55:59 AM,-0.8075854,0.06304711,1.393347,0.1542342,0.389486,-0.04429626
10/22/2020 7:55:59 AM,-0.8081931,0.06408015,1.404073,0.1510837,0.3901588,-0.04544919
10/22/2020 7:55:59 AM,-0.8083595,0.06427246,1.414749,0.1449149,0.389657,-0.04435454
10/22/2020 7:55:59 AM,-0.808585,0.06368367,1.42542,0.141509,0.3906359,-0.04400688
10/22/2020 7:55:59 AM,-0.8092561,0.06310426,1.436088,0.1402515,0.3920676,-0.04402055
10/22/2020 7:55:59 AM,-0.8105478,0.06194911,1.446834,0.1419141,0.3932385,-0.04279891
10/22/2020 7:55:59 AM,-0.8112615,0.06238938,1.45746,0.1462041,0.3938382,-0.04039853
10/22/2020 7:55:59 AM,-0.8120259,0.06318054,1.468002,0.1480527,0.3950182,-0.0396307
10/22/2020 7:55:59 AM,-0.812797,0.06450064,1.478674,0.1499407,0.3965571,-0.03944065
10/22/2020 7:55:59 AM,-0.8135929,0.0663441,1.489272,0.1509369,0.3985038,-0.03999187
10/22/2020 7:55:59 AM,-0.8149032,0.06587222,1.49946,0.1525397,0.4012721,-0.0385084
10/22/2020 7:55:59 AM,-0.8169897,0.06544939,1.509204,0.1561334,0.4030208,-0.03700086
10/22/2020 7:55:59 AM,-0.8186419,0.06501412,1.51895,0.1591385,0.4041282,-0.03572755
10/22/2020 7:55:59 AM,-0.8205053,0.06499088,1.528381,0.1616911,0.4047588,-0.03459335
10/22/2020 7:55:59 AM,-0.8220552,0.06482664,1.537881,0.1625381,0.4054523,-0.0334496
10/22/2020 7:55:59 AM,-0.8237909,0.06436068,1.547262,0.1622296,0.4067389,-0.03260166
10/22/2020 7:55:59 AM,-0.8255717,0.06380096,1.556617,0.1625589,0.4083717,-0.03169047
10/22/2020 7:55:59 AM,-0.8275493,0.06257407,1.56594,0.1627596,0.4106536,-0.03083491
10/22/2020 7:55:59 AM,-0.8295925,0.06193387,1.574928,0.1635193,0.4131947,-0.03023523
10/22/2020 7:55:59 AM,-0.8318033,0.06076941,1.584168,0.1641807,0.4159471,-0.02968722
10/22/2020 7:55:59 AM,-0.8342753,0.05972865,1.593338,0.1650406,0.4191711,-0.02967098
10/22/2020 7:55:59 AM,-0.837029,0.05841588,1.602569,0.1657693,0.4225463,-0.03001263
10/22/2020 7:55:59 AM,-0.8403659,0.05727119,1.611537,0.167521,0.4259795,-0.03079577
10/22/2020 7:55:59 AM,-0.8434539,0.05610185,1.620712,0.1690664,0.4290763,-0.03114421
10/22/2020 7:55:59 AM,-0.8473265,0.0549977,1.629406,0.1709061,0.4321411,-0.03181677
10/22/2020 7:55:59 AM,-0.8512214,0.05349649,1.638116,0.1720369,0.4351526,-0.03279825
10/22/2020 7:55:59 AM,-0.8554628,0.05237128,1.646669,0.1724595,0.4383403,-0.03461662
10/22/2020 7:55:59 AM,-0.8603187,0.05147476,1.655404,0.1710358,0.4413737,-0.03612561
10/22/2020 7:55:59 AM,-0.8649851,0.0502087,1.664136,0.1692224,0.4447937,-0.03775769
10/22/2020 7:55:59 AM,-0.870159,0.0489426,1.673031,0.1674052,0.4484989,-0.03894713
10/22/2020 7:55:59 AM,-0.8752277,0.04803291,1.681801,0.1652447,0.4526132,-0.03915967
10/22/2020 7:55:59 AM,-0.88047,0.046598,1.690818,0.1637373,0.4569283,-0.03860453
10/22/2020 7:55:59 AM,-0.886342,0.04494723,1.69974,0.1626196,0.4609939,-0.03768868
10/22/2020 7:55:59 AM,-0.892449,0.04360266,1.708796,0.1624458,0.4643792,-0.03714399
10/22/2020 7:55:59 AM,-0.899178,0.04180973,1.717214,0.1623635,0.466683,-0.03645338
10/22/2020 7:55:59 AM,-0.9052849,0.04186727,1.725841,0.1625372,0.4681291,-0.03720009
10/22/2020 7:55:59 AM,-0.9108734,0.04260616,1.734539,0.1597765,0.4710574,-0.0398511
10/22/2020 7:55:59 AM,-0.9174016,0.04138632,1.74322,0.1563863,0.4752586,-0.04328175
10/22/2020 7:55:59 AM,-0.923977,0.04224591,1.752267,0.1543236,0.4788314,-0.04622061
10/22/2020 7:55:59 AM,-0.9298167,0.04446823,1.761816,0.1522571,0.4831502,-0.04986823
10/22/2020 7:55:59 AM,-0.9368144,0.0443178,1.771071,0.1521659,0.4881746,-0.05330808
10/22/2020 7:55:59 AM,-0.9439898,0.04646283,1.780721,0.1549405,0.4914936,-0.05579821
10/22/2020 7:55:59 AM,-0.9500052,0.05154159,1.790548,0.1529799,0.4949646,-0.05819096
10/22/2020 7:55:59 AM,-0.9565898,0.05230229,1.800258,0.1525076,0.4985179,-0.05848311
10/22/2020 7:55:59 AM,-0.9630103,0.05604073,1.809906,0.1513968,0.4998359,-0.05605711
10/22/2020 7:55:59 AM,-0.9679778,0.05776761,1.819057,0.1508383,0.5006158,-0.05486671
10/22/2020 7:55:59 AM,-0.9731044,0.06006432,1.82766,0.1501376,0.502384,-0.05371154
10/22/2020 7:55:59 AM,-0.9779133,0.06173023,1.835933,0.1477366,0.5052614,-0.05335388
10/22/2020 7:55:59 AM,-0.9826105,0.06308061,1.844423,0.1435296,0.5095099,-0.05456774
10/22/2020 7:55:59 AM,-0.9872711,0.06434871,1.852446,0.1392824,0.5138316,-0.05577709
10/22/2020 7:55:59 AM,-0.9917639,0.06385954,1.860717,0.1345538,0.5199016,-0.05550369
10/22/2020 7:55:59 AM,-0.9963495,0.06418063,1.869526,0.1307801,0.5262645,-0.05645868
10/22/2020 7:55:59 AM,-1.000766,0.06423391,1.878296,0.1291566,0.5318161,-0.05679741
10/22/2020 7:55:59 AM,-1.004959,0.06418075,1.886991,0.1288064,0.5367466,-0.05662708
10/22/2020 7:55:59 AM,-1.009323,0.06489044,1.895673,0.1300345,0.5406389,-0.055593
10/22/2020 7:55:59 AM,-1.013166,0.06542474,1.904251,0.1317004,0.5430338,-0.05357771
10/22/2020 7:55:59 AM,-1.016602,0.06722602,1.91293,0.1316584,0.5445308,-0.05239755
10/22/2020 7:55:59 AM,-1.019317,0.06696053,1.921102,0.1311583,0.5457209,-0.05029209
10/22/2020 7:56:00 AM,-1.022238,0.0666315,1.928742,0.1321476,0.546912,-0.04878488
10/22/2020 7:56:00 AM,-1.025047,0.06644751,1.936704,0.1332511,0.5486242,-0.04825962
10/22/2020 7:56:00 AM,-1.028066,0.06629497,1.944705,0.1347099,0.5503313,-0.04784618
10/22/2020 7:56:00 AM,-1.030672,0.06594685,1.952741,0.1360848,0.5518473,-0.04750938
10/22/2020 7:56:00 AM,-1.032875,0.06579632,1.960463,0.1370414,0.5531995,-0.0468414
10/22/2020 7:56:00 AM,-1.034865,0.06567344,1.968042,0.1374789,0.5543744,-0.04588586
10/22/2020 7:56:00 AM,-1.036259,0.06531134,1.975606,0.1372979,0.5559522,-0.04516499
10/22/2020 7:56:00 AM,-1.037709,0.06438796,1.983147,0.1368549,0.5577142,-0.04483777
10/22/2020 7:56:00 AM,-1.038744,0.06349781,1.990675,0.1364858,0.5593072,-0.04484783
10/22/2020 7:56:00 AM,-1.040001,0.06300153,1.998476,0.1351811,0.5612075,-0.04530302
10/22/2020 7:56:00 AM,-1.040555,0.06185719,2.006072,0.1339472,0.563153,-0.04568884
10/22/2020 7:56:00 AM,-1.040784,0.06039295,2.01358,0.1327444,0.5652861,-0.04565826
10/22/2020 7:56:00 AM,-1.040811,0.05940942,2.021314,0.1315312,0.5675104,-0.04564029
10/22/2020 7:56:00 AM,-1.040345,0.05826253,2.029086,0.1301616,0.569934,-0.04531172
10/22/2020 7:56:00 AM,-1.040018,0.05709249,2.037105,0.1293671,0.5721486,-0.04501939
10/22/2020 7:56:00 AM,-1.039181,0.05612521,2.044993,0.1285241,0.5737444,-0.04495856
10/22/2020 7:56:00 AM,-1.037733,0.05530646,2.052744,0.1270563,0.5749596,-0.04515313
10/22/2020 7:56:00 AM,-1.035556,0.05517381,2.060593,0.1245786,0.5760655,-0.04591603
10/22/2020 7:56:00 AM,-1.033016,0.05467864,2.068583,0.1204967,0.5770172,-0.04742767
10/22/2020 7:56:00 AM,-1.030521,0.05349531,2.07672,0.1174636,0.5777397,-0.0486543
10/22/2020 7:56:00 AM,-1.028163,0.05187077,2.084504,0.1147325,0.5776036,-0.05005569
10/22/2020 7:56:00 AM,-1.024807,0.0500734,2.091832,0.1122935,0.5770972,-0.051323
10/22/2020 7:56:00 AM,-1.021285,0.04778972,2.098639,0.1105662,0.5768704,-0.05259691
10/22/2020 7:56:00 AM,-1.017356,0.04638578,2.105512,0.1096299,0.5777065,-0.05539432
10/22/2020 7:56:00 AM,-1.013897,0.04446084,2.113008,0.1094498,0.5783268,-0.05826696
10/22/2020 7:56:00 AM,-1.010893,0.04351545,2.120513,0.1105438,0.5771426,-0.0600891
10/22/2020 7:56:00 AM,-1.007451,0.04391003,2.128331,0.1110736,0.5751214,-0.06246192
10/22/2020 7:56:00 AM,-1.003165,0.04625035,2.135932,0.1107499,0.5733704,-0.06520166
10/22/2020 7:56:00 AM,-0.998494,0.04972301,2.143619,0.109225,0.5723561,-0.06849497
10/22/2020 7:56:00 AM,-0.9944485,0.05076039,2.151121,0.1102486,0.5722189,-0.07014591
10/22/2020 7:56:00 AM,-0.9909837,0.05223075,2.158284,0.1120503,0.571755,-0.07192915
10/22/2020 7:56:00 AM,-0.98733,0.05491082,2.165339,0.1121343,0.5723901,-0.0759183
10/22/2020 7:56:00 AM,-0.9840288,0.0570775,2.172372,0.1122432,0.5741466,-0.07949019
10/22/2020 7:56:00 AM,-0.9802847,0.05906486,2.179485,0.1131931,0.5760999,-0.08070737
10/22/2020 7:56:00 AM,-0.9771482,0.06142849,2.186477,0.11375,0.5778827,-0.08123896
10/22/2020 7:56:00 AM,-0.9737167,0.06329145,2.193293,0.1137279,0.5792502,-0.08062113
10/22/2020 7:56:00 AM,-0.9701149,0.06435207,2.200352,0.1124118,0.5800521,-0.07888782
10/22/2020 7:56:00 AM,-0.9667604,0.06479934,2.207569,0.1107311,0.579767,-0.07695658
10/22/2020 7:56:00 AM,-0.9639653,0.06498524,2.215326,0.107182,0.5784111,-0.07570297
10/22/2020 7:56:00 AM,-0.9605063,0.06370294,2.222494,0.1047762,0.5764256,-0.07450773
10/22/2020 7:56:00 AM,-0.9572005,0.06331369,2.229804,0.1034377,0.5752041,-0.07411537
10/22/2020 7:56:00 AM,-0.9540118,0.06201521,2.236989,0.1034153,0.5740964,-0.07423896
10/22/2020 7:56:00 AM,-0.9511873,0.06079374,2.243807,0.1052205,0.5735251,-0.07481489
10/22/2020 7:56:00 AM,-0.9481649,0.06097963,2.25045,0.1084175,0.5739243,-0.07604892
10/22/2020 7:56:00 AM,-0.9457629,0.062305,2.257232,0.109682,0.5747974,-0.07653783
10/22/2020 7:56:00 AM,-0.9429429,0.06313452,2.264027,0.1107527,0.5763523,-0.07674723
10/22/2020 7:56:00 AM,-0.9401425,0.06424268,2.270542,0.1119424,0.5782728,-0.07591438
10/22/2020 7:56:00 AM,-0.9377595,0.06486233,2.277094,0.1132486,0.5807005,-0.07395381
10/22/2020 7:56:00 AM,-0.9357674,0.06511959,2.283552,0.1153826,0.5834103,-0.07236061
10/22/2020 7:56:00 AM,-0.9341233,0.06538932,2.290134,0.1173577,0.5853757,-0.07117894
10/22/2020 7:56:00 AM,-0.9333892,0.06506079,2.296493,0.1196635,0.5865771,-0.0699174
10/22/2020 7:56:00 AM,-0.931904,0.06510429,2.302702,0.1212723,0.5874006,-0.06886911
10/22/2020 7:56:00 AM,-0.9301237,0.06517047,2.308497,0.1216691,0.5876501,-0.06802943
10/22/2020 7:56:00 AM,-0.9283944,0.06516041,2.314192,0.1210836,0.5885487,-0.06747679
10/22/2020 7:56:00 AM,-0.926471,0.06482969,2.320005,0.119954,0.5903185,-0.06714126
10/22/2020 7:56:00 AM,-0.9249052,0.06455281,2.325816,0.1188168,0.5927374,-0.06680422
10/22/2020 7:56:00 AM,-0.9237497,0.06397371,2.331693,0.1179735,0.5959347,-0.06658279
10/22/2020 7:56:00 AM,-0.9226204,0.06338887,2.337563,0.1177136,0.5994878,-0.06671016
10/22/2020 7:56:00 AM,-0.9216947,0.06335279,2.343505,0.1176542,0.6028455,-0.06733702
10/22/2020 7:56:00 AM,-0.9206939,0.06303036,2.349579,0.1173013,0.6061093,-0.06793746
10/22/2020 7:56:00 AM,-0.9197879,0.06282852,2.355673,0.1168853,0.6096698,-0.06804417
10/22/2020 7:56:01 AM,-0.9190538,0.06256157,2.361656,0.1170872,0.6134135,-0.06792719
10/22/2020 7:56:01 AM,-0.9187305,0.06260847,2.367774,0.1175359,0.6172223,-0.06777236
10/22/2020 7:56:01 AM,-0.918479,0.06260861,2.373951,0.1183255,0.621112,-0.06784067
10/22/2020 7:56:01 AM,-0.9184682,0.06260571,2.380267,0.1189924,0.6245565,-0.06813344
10/22/2020 7:56:01 AM,-0.9188155,0.06243765,2.386603,0.1190419,0.6274737,-0.0687009
10/22/2020 7:56:01 AM,-0.9189726,0.0621092,2.393179,0.1186289,0.6302651,-0.0693334
10/22/2020 7:56:01 AM,-0.9195484,0.0616299,2.399938,0.1172529,0.6327438,-0.06957677
10/22/2020 7:56:01 AM,-0.920408,0.06146431,2.406887,0.1162702,0.6353489,-0.06978853
10/22/2020 7:56:01 AM,-0.9209667,0.06087288,2.413814,0.1154229,0.63825,-0.0700364
10/22/2020 7:56:01 AM,-0.9219455,0.06016524,2.421319,0.1158276,0.6406634,-0.07032167
10/22/2020 7:56:01 AM,-0.9233068,0.05964179,2.429183,0.1163783,0.6421292,-0.07028734
10/22/2020 7:56:01 AM,-0.9245917,0.0586566,2.436946,0.1175514,0.6426541,-0.0698249
10/22/2020 7:56:01 AM,-0.9263733,0.05838168,2.444729,0.1191188,0.6421931,-0.07142901
10/22/2020 7:56:01 AM,-0.9281129,0.05832311,2.452451,0.1191873,0.6430278,-0.07191575
10/22/2020 7:56:01 AM,-0.9299753,0.05834676,2.460025,0.1187571,0.6441822,-0.07272906
10/22/2020 7:56:01 AM,-0.9320138,0.05773181,2.46788,0.1173884,0.6460104,-0.07344956
10/22/2020 7:56:01 AM,-0.9342396,0.0585444,2.475673,0.1158888,0.6484841,-0.0750242
10/22/2020 7:56:01 AM,-0.9368109,0.05795333,2.482597,0.113582,0.651475,-0.07558136
10/22/2020 7:56:01 AM,-0.9392056,0.05854382,2.489251,0.1117823,0.6584565,-0.0755927
10/22/2020 7:56:01 AM,-0.9417021,0.06054139,2.496344,0.1080219,0.6667535,-0.07492046
10/22/2020 7:56:01 AM,-0.9443083,0.06149782,2.503983,0.105559,0.6747309,-0.07427949
10/22/2020 7:56:01 AM,-0.9478873,0.06252122,2.511934,0.1045898,0.6829999,-0.07245787
10/22/2020 7:56:01 AM,-0.9509627,0.06414573,2.520171,0.1038378,0.6889877,-0.07051729
10/22/2020 7:56:01 AM,-0.9541073,0.06726369,2.528403,0.1023046,0.6933247,-0.07008192
10/22/2020 7:56:01 AM,-0.9577922,0.06706464,2.536694,0.1018371,0.6969256,-0.06933695
10/22/2020 7:56:01 AM,-0.9617789,0.06879735,2.545252,0.1037693,0.6978782,-0.06963645
10/22/2020 7:56:01 AM,-0.9651569,0.07027122,2.554027,0.102803,0.6991869,-0.06900295
10/22/2020 7:56:01 AM,-0.9678901,0.07091451,2.562173,0.1018677,0.6988857,-0.0677733
10/22/2020 7:56:01 AM,-0.9706782,0.07162707,2.570692,0.1014173,0.6983827,-0.06627928
10/22/2020 7:56:01 AM,-0.9725983,0.07243355,2.57853,0.1006079,0.6984219,-0.06492888
10/22/2020 7:56:01 AM,-0.9748155,0.07246983,2.58698,0.100312,0.6993448,-0.06375046
10/22/2020 7:56:01 AM,-0.9769332,0.07269722,2.595347,0.1011617,0.7001813,-0.06306989
10/22/2020 7:56:01 AM,-0.9792294,0.07215358,2.603752,0.1030343,0.7007731,-0.06276983
10/22/2020 7:56:01 AM,-0.9809687,0.07227517,2.611619,0.1055764,0.7011477,-0.06396933
10/22/2020 7:56:01 AM,-0.9824095,0.07223117,2.619139,0.1068046,0.7022706,-0.06534953
10/22/2020 7:56:01 AM,-0.9841425,0.07180623,2.626992,0.1080473,0.7036818,-0.06634201
10/22/2020 7:56:01 AM,-0.9859227,0.07136645,2.634509,0.1099804,0.705432,-0.06716172
10/22/2020 7:56:01 AM,-0.9879357,0.0706408,2.641932,0.1127634,0.7069761,-0.06776723
10/22/2020 7:56:01 AM,-0.9899008,0.07007402,2.64913,0.1155311,0.7084457,-0.06837703
10/22/2020 7:56:01 AM,-0.9916214,0.06964204,2.655885,0.1180637,0.7101016,-0.06959357
10/22/2020 7:56:01 AM,-0.9933814,0.06981708,2.662653,0.1192853,0.7120293,-0.07176608
10/22/2020 7:56:01 AM,-0.995118,0.0699538,2.669653,0.1198761,0.7138208,-0.07306722
10/22/2020 7:56:01 AM,-0.9968668,0.06997812,2.676611,0.1202486,0.7157105,-0.07358257
10/22/2020 7:56:01 AM,-0.9986399,0.06989738,2.683411,0.1211458,0.7172867,-0.07295014
10/22/2020 7:56:01 AM,-1.000111,0.0696179,2.689616,0.1229567,0.7186071,-0.07157207
10/22/2020 7:56:01 AM,-1.001684,0.06951109,2.695522,0.1249728,0.7199808,-0.06969849
10/22/2020 7:56:01 AM,-1.003006,0.0695125,2.700991,0.127139,0.721601,-0.06802189
10/22/2020 7:56:01 AM,-1.004451,0.06961609,2.706555,0.1287888,0.7234859,-0.06631902
10/22/2020 7:56:01 AM,-1.005755,0.06966661,2.712009,0.130622,0.7252566,-0.0647165
10/22/2020 7:56:01 AM,-1.006733,0.07021658,2.717337,0.1319202,0.727154,-0.06312898
10/22/2020 7:56:01 AM,-1.007547,0.07004382,2.722446,0.1326725,0.729112,-0.06172542
10/22/2020 7:56:01 AM,-1.007945,0.07005791,2.727365,0.1332384,0.7310027,-0.06060127
10/22/2020 7:56:01 AM,-1.008068,0.0699581,2.732295,0.1334795,0.7330638,-0.05977782
10/22/2020 7:56:01 AM,-1.008325,0.0694772,2.737212,0.1340821,0.734948,-0.05875905
10/22/2020 7:56:01 AM,-1.007882,0.06887957,2.742047,0.1350306,0.7367052,-0.05787316
10/22/2020 7:56:01 AM,-1.007643,0.06825449,2.746709,0.1364047,0.7381908,-0.05701542
10/22/2020 7:56:01 AM,-1.007007,0.0677297,2.751173,0.1383739,0.7396899,-0.05631462
10/22/2020 7:56:01 AM,-1.00626,0.06719547,2.755627,0.1405673,0.7411016,-0.05564934
10/22/2020 7:56:01 AM,-1.004889,0.06678008,2.760154,0.1428857,0.742373,-0.05505928
10/22/2020 7:56:01 AM,-1.003583,0.06607468,2.764765,0.1449741,0.7435053,-0.05410011
10/22/2020 7:56:02 AM,-1.002137,0.06513661,2.769317,0.1471297,0.7439569,-0.05213386
10/22/2020 7:56:02 AM,-1.00013,0.06429408,2.773405,0.1492252,0.7442601,-0.05011096
10/22/2020 7:56:02 AM,-0.9979898,0.06422035,2.777665,0.1506492,0.7450944,-0.04927517
10/22/2020 7:56:02 AM,-0.9952751,0.06384206,2.782005,0.1520301,0.7459675,-0.04803141
10/22/2020 7:56:02 AM,-0.9926103,0.06293299,2.786101,0.1533824,0.7465297,-0.04603628
10/22/2020 7:56:02 AM,-0.9896541,0.06230129,2.789992,0.1549439,0.7468859,-0.04454276
10/22/2020 7:56:02 AM,-0.9861351,0.0618789,2.793723,0.1551311,0.7477537,-0.04352148
10/22/2020 7:56:02 AM,-0.982676,0.06069817,2.797328,0.1557886,0.748758,-0.04253054
10/22/2020 7:56:02 AM,-0.9790068,0.05974672,2.800826,0.1570304,0.7499451,-0.04241682
10/22/2020 7:56:02 AM,-0.9751384,0.05904052,2.804009,0.1581018,0.7515146,-0.04220621
10/22/2020 7:56:02 AM,-0.971185,0.05824913,2.807061,0.1592113,0.7538864,-0.0421676
10/22/2020 7:56:02 AM,-0.9670927,0.05761248,2.809984,0.1597693,0.7567332,-0.04180512
10/22/2020 7:56:02 AM,-0.9624727,0.05669746,2.812867,0.1609602,0.760582,-0.04125973
10/22/2020 7:56:02 AM,-0.9581255,0.05633321,2.81634,0.1603915,0.7645565,-0.04168148
10/22/2020 7:56:02 AM,-0.9535669,0.05541854,2.819731,0.1598472,0.7674816,-0.04185756
10/22/2020 7:56:02 AM,-0.9487367,0.05469324,2.822985,0.1591851,0.7699866,-0.0423275
10/22/2020 7:56:02 AM,-0.9440644,0.05361341,2.826227,0.1579507,0.7719953,-0.04256552
10/22/2020 7:56:02 AM,-0.9389788,0.05282001,2.829625,0.1556065,0.7739558,-0.0442706
10/22/2020 7:56:02 AM,-0.9338871,0.05150154,2.833108,0.1526869,0.7756622,-0.04624956
10/22/2020 7:56:02 AM,-0.9286101,0.04972354,2.836956,0.1499721,0.7769309,-0.04863401
10/22/2020 7:56:02 AM,-0.923224,0.04782498,2.841473,0.1472132,0.7774258,-0.0514553
10/22/2020 7:56:02 AM,-0.9173851,0.0464814,2.846005,0.1440567,0.7765809,-0.05395265
10/22/2020 7:56:02 AM,-0.9117035,0.04471709,2.849915,0.1407964,0.7763157,-0.05401273
10/22/2020 7:56:02 AM,-0.9054146,0.04292028,2.853566,0.1374123,0.7767961,-0.05423754
10/22/2020 7:56:02 AM,-0.8994271,0.04132314,2.856717,0.133874,0.7778943,-0.05509026
10/22/2020 7:56:02 AM,-0.8927518,0.04011013,2.860239,0.1308603,0.7793491,-0.05689165
10/22/2020 7:56:02 AM,-0.8860968,0.03962917,2.863927,0.1295711,0.780653,-0.05870517
10/22/2020 7:56:02 AM,-0.8794141,0.03946764,2.867419,0.1293121,0.781868,-0.06098162
10/22/2020 7:56:02 AM,-0.872118,0.04144787,2.87124,0.1288279,0.7832443,-0.06385352
10/22/2020 7:56:02 AM,-0.8637989,0.0466085,2.8757,0.1266416,0.7853116,-0.06785973
10/22/2020 7:56:02 AM,-0.8566246,0.04745985,2.879498,0.1268893,0.7877556,-0.06829761
10/22/2020 7:56:02 AM,-0.8500915,0.05013429,2.884073,0.1296834,0.7892922,-0.07269314
10/22/2020 7:56:02 AM,-0.8434608,0.0522335,2.88834,0.1292073,0.7906109,-0.07591993
10/22/2020 7:56:02 AM,-0.8372786,0.05336697,2.892298,0.1289826,0.7916912,-0.07998539
10/22/2020 7:56:02 AM,-0.8311409,0.05515341,2.896394,0.1283153,0.792564,-0.08300134
10/22/2020 7:56:02 AM,-0.824762,0.05667553,2.900166,0.1267784,0.7934778,-0.08516934
10/22/2020 7:56:02 AM,-0.8183159,0.05783578,2.903734,0.1248799,0.7945831,-0.08708142
10/22/2020 7:56:02 AM,-0.8119135,0.0588024,2.907306,0.1214218,0.7957457,-0.08733119
10/22/2020 7:56:02 AM,-0.8056237,0.05947973,2.912084,0.1182029,0.7971295,-0.08785246
10/22/2020 7:56:02 AM,-0.7989253,0.06000919,2.915547,0.11465,0.7988583,-0.08763827
10/22/2020 7:56:02 AM,-0.7924993,0.05946575,2.919177,0.1120272,0.8004787,-0.08726849
10/22/2020 7:56:02 AM,-0.785956,0.05881009,2.922784,0.1107007,0.8017476,-0.08708934
10/22/2020 7:56:02 AM,-0.7795798,0.05867649,2.926051,0.1095115,0.8027002,-0.08687173
10/22/2020 7:56:02 AM,-0.7733654,0.05822511,2.928175,0.1072226,0.8038693,-0.08730131
10/22/2020 7:56:02 AM,-0.7675704,0.05775605,2.931496,0.1047774,0.8051672,-0.08877404
10/22/2020 7:56:02 AM,-0.7619104,0.05731509,2.934802,0.1029819,0.8062214,-0.08980794
10/22/2020 7:56:02 AM,-0.7566309,0.05625692,2.937581,0.1028613,0.8072113,-0.09121527
10/22/2020 7:56:02 AM,-0.7514911,0.05600736,2.939949,0.1034529,0.8085588,-0.09332237
10/22/2020 7:56:02 AM,-0.7467949,0.05576647,2.942315,0.1048741,0.8102419,-0.09551845
10/22/2020 7:56:02 AM,-0.7420604,0.05674516,2.944724,0.107085,0.8118796,-0.09707818
10/22/2020 7:56:02 AM,-0.7375884,0.05762505,2.947168,0.1088836,0.8132703,-0.09793384
10/22/2020 7:56:02 AM,-0.7335731,0.0583955,2.94962,0.1106375,0.8138884,-0.09886305
10/22/2020 7:56:02 AM,-0.7297882,0.05923805,2.951978,0.1114097,0.8138732,-0.09976054
10/22/2020 7:56:02 AM,-0.7262009,0.05966692,2.953936,0.1117395,0.8136131,-0.1002592
10/22/2020 7:56:02 AM,-0.7226853,0.0602019,2.955563,0.1114503,0.813808,-0.1004425
10/22/2020 7:56:02 AM,-0.7194951,0.06013598,2.957184,0.1110578,0.8142201,-0.100272
10/22/2020 7:56:02 AM,-0.7164521,0.05989399,2.958442,0.1105876,0.8149202,-0.1004231
10/22/2020 7:56:02 AM,-0.7137053,0.05965987,2.959444,0.1096833,0.815967,-0.1011256
10/22/2020 7:56:02 AM,-0.7110885,0.05957803,2.960555,0.1086307,0.8174856,-0.1024876
10/22/2020 7:56:02 AM,-0.7089,0.05920258,2.962062,0.1075924,0.8192077,-0.1038713
10/22/2020 7:56:03 AM,-0.7067457,0.05893501,2.963639,0.1071023,0.8206416,-0.1047736
10/22/2020 7:56:03 AM,-0.7049019,0.05846798,2.965708,0.106858,0.8220021,-0.105547
10/22/2020 7:56:03 AM,-0.7032577,0.05845356,2.967528,0.1068723,0.8230174,-0.1061433
10/22/2020 7:56:03 AM,-0.7021211,0.05848745,2.969024,0.1068543,0.8239849,-0.1067822
10/22/2020 7:56:03 AM,-0.7008522,0.05872139,2.970524,0.1066211,0.8255634,-0.1075039
10/22/2020 7:56:03 AM,-0.6999123,0.05871707,2.972482,0.1069499,0.8269919,-0.1078775
10/22/2020 7:56:03 AM,-0.6992744,0.05861739,2.974897,0.1080519,0.8278758,-0.1080656
10/22/2020 7:56:03 AM,-0.6990943,0.05867369,2.977166,0.1090444,0.8281972,-0.1079424
10/22/2020 7:56:03 AM,-0.6991048,0.05869655,2.979014,0.1091828,0.8288819,-0.1083068
10/22/2020 7:56:03 AM,-0.6993282,0.05919731,2.980791,0.1081299,0.8303631,-0.1093274
10/22/2020 7:56:03 AM,-0.6995878,0.05929619,2.982953,0.1065741,0.8325058,-0.1100365
10/22/2020 7:56:03 AM,-0.70024,0.05922854,2.986027,0.105864,0.8344193,-0.1108413
10/22/2020 7:56:03 AM,-0.7008408,0.05901156,2.989485,0.1059282,0.835657,-0.1111101
10/22/2020 7:56:03 AM,-0.7020711,0.0590158,2.99298,0.1061281,0.8361998,-0.1110096
10/22/2020 7:56:03 AM,-0.703392,0.05903488,2.995926,0.1054413,0.8372205,-0.1110071
10/22/2020 7:56:03 AM,-0.7050897,0.0589702,2.999603,0.1041494,0.8392908,-0.1111383
10/22/2020 7:56:03 AM,-0.706467,0.05881181,3.003718,0.1030317,0.8414899,-0.1110207
10/22/2020 7:56:03 AM,-0.7083,0.05839989,3.008659,0.1029116,0.8431603,-0.1107693
10/22/2020 7:56:03 AM,-0.7102193,0.05827469,3.013647,0.1038085,0.8438679,-0.1102591
10/22/2020 7:56:03 AM,-0.7127514,0.05907106,3.017675,0.1040419,0.8443264,-0.1093672
10/22/2020 7:56:03 AM,-0.714941,0.06005882,3.021953,0.1019695,0.8465594,-0.1090605
10/22/2020 7:56:03 AM,-0.7171988,0.06039274,3.027029,0.09990723,0.8491734,-0.1083048
10/22/2020 7:56:03 AM,-0.7199459,0.06076432,3.032824,0.09804137,0.8512624,-0.1068797
10/22/2020 7:56:03 AM,-0.7225115,0.06042238,3.038329,0.09707266,0.8529187,-0.1060009
10/22/2020 7:56:03 AM,-0.7254584,0.0604806,3.04452,0.09644407,0.8538039,-0.1049645
10/22/2020 7:56:03 AM,-0.7279657,0.06062896,3.050172,0.09575922,0.8548328,-0.1045872
10/22/2020 7:56:03 AM,-0.7304529,0.06130761,3.056536,0.09432174,0.8558944,-0.104133
10/22/2020 7:56:03 AM,-0.7331705,0.06015972,3.063159,0.09368612,0.8567343,-0.1040088
10/22/2020 7:56:03 AM,-0.7358835,0.06084792,3.069995,0.0937449,0.8572628,-0.1044676
10/22/2020 7:56:03 AM,-0.7382882,0.06148432,3.076495,0.09307826,0.8581122,-0.1049681
10/22/2020 7:56:03 AM,-0.7410083,0.06191316,3.083629,0.09327377,0.8590471,-0.1054322
10/22/2020 7:56:03 AM,-0.743832,0.06329697,3.090509,0.09427452,0.8598183,-0.1063866
10/22/2020 7:56:03 AM,-0.746733,0.06424683,3.097796,0.09461897,0.8608457,-0.1065703
10/22/2020 7:56:03 AM,-0.7494292,0.0650661,3.104986,0.09490405,0.8618883,-0.1061865
10/22/2020 7:56:03 AM,-0.7523658,0.06577271,3.112535,0.0950495,0.8626373,-0.1052784
10/22/2020 7:56:03 AM,-0.7550908,0.0663746,3.119781,0.0945393,0.863162,-0.1037554
10/22/2020 7:56:03 AM,-0.7577677,0.06603098,3.127156,0.09406897,0.8631816,-0.1016167
10/22/2020 7:56:03 AM,-0.7602389,0.06620009,3.134223,0.09390396,0.8633485,-0.1000619
10/22/2020 7:56:03 AM,-0.7628606,0.06573499,3.141151,0.09415684,0.8634059,-0.09817245
10/22/2020 7:56:03 AM,-0.7652535,0.06541599,3.147581,0.09459817,0.8637248,-0.09667852
10/22/2020 7:56:03 AM,-0.7677253,0.06477381,3.154379,0.09492132,0.8641358,-0.09518072
10/22/2020 7:56:03 AM,-0.7701477,0.06429124,3.160948,0.09493607,0.8645003,-0.09402691
10/22/2020 7:56:03 AM,-0.7725372,0.06351939,3.167431,0.09506997,0.8649716,-0.09359319
10/22/2020 7:56:03 AM,-0.7748008,0.06304956,3.173782,0.09527747,0.8653999,-0.09316233
10/22/2020 7:56:03 AM,-0.7771512,0.06261836,3.180107,0.09563241,0.8657687,-0.09246998
10/22/2020 7:56:03 AM,-0.7794169,0.06245929,3.185845,0.09621624,0.8661317,-0.09184392
10/22/2020 7:56:03 AM,-0.7817675,0.06257672,3.191491,0.09682088,0.8666193,-0.09152198
10/22/2020 7:56:03 AM,-0.783923,0.06256862,3.196822,0.09724869,0.8672103,-0.09143663
10/22/2020 7:56:03 AM,-0.7861599,0.06297151,3.202268,0.09762788,0.8677536,-0.09252254
10/22/2020 7:56:03 AM,-0.7881745,0.0637424,3.207485,0.09752731,0.8683895,-0.09347143
10/22/2020 7:56:03 AM,-0.7901423,0.06429526,3.212958,0.0974294,0.8688979,-0.09425244
10/22/2020 7:56:03 AM,-0.7921221,0.06489943,3.218224,0.09737679,0.869163,-0.09445646
10/22/2020 7:56:03 AM,-0.7940465,0.06524023,3.22337,0.09712177,0.8694113,-0.09396937
10/22/2020 7:56:03 AM,-0.7959099,0.06554046,3.228145,0.09729255,0.869635,-0.09309798
10/22/2020 7:56:03 AM,-0.7978166,0.06554235,3.232769,0.09731474,0.8699425,-0.09171905
10/22/2020 7:56:03 AM,-0.7996498,0.06553951,3.237062,0.09773903,0.8702024,-0.09030667
10/22/2020 7:56:03 AM,-0.8015847,0.06555833,3.241336,0.09796036,0.8703785,-0.08907168
10/22/2020 7:56:03 AM,-0.8034453,0.0655494,3.245432,0.09791818,0.8705425,-0.08785231
10/22/2020 7:56:03 AM,-0.8052356,0.06541469,3.249306,0.09819919,0.8705502,-0.08716117
10/22/2020 7:56:03 AM,-0.8069037,0.06600685,3.252823,0.09777068,0.870571,-0.08633604
10/22/2020 7:56:04 AM,-0.8086407,0.06606272,3.256373,0.09761842,0.8705715,-0.08534648
10/22/2020 7:56:04 AM,-0.8101853,0.06647833,3.25953,0.09718593,0.87052,-0.08437631
10/22/2020 7:56:04 AM,-0.8116847,0.06678122,3.262733,0.09685279,0.870506,-0.08346136
10/22/2020 7:56:04 AM,-0.8130365,0.06716307,3.265733,0.09646586,0.8704962,-0.08238852
10/22/2020 7:56:04 AM,-0.8144481,0.06757324,3.268569,0.09631944,0.8703578,-0.0811141
10/22/2020 7:56:04 AM,-0.8160045,0.06771722,3.27089,0.09668497,0.8701637,-0.07940379
10/22/2020 7:56:04 AM,-0.8173014,0.06811118,3.273052,0.09646343,0.8701767,-0.07771155
10/22/2020 7:56:04 AM,-0.8184911,0.06836836,3.275034,0.0962306,0.870249,-0.07591526
10/22/2020 7:56:04 AM,-0.819613,0.06872433,3.27689,0.09580883,0.8703486,-0.07419131
10/22/2020 7:56:04 AM,-0.8206432,0.06892638,3.278437,0.09523105,0.8704752,-0.07262638
10/22/2020 7:56:04 AM,-0.8218502,0.06798222,3.279791,0.09499601,0.8706377,-0.07120442
10/22/2020 7:56:04 AM,-0.8229114,0.06801976,3.280697,0.09578165,0.8706363,-0.07076219
10/22/2020 7:56:04 AM,-0.8238753,0.06800701,3.281343,0.09575311,0.8712443,-0.07065704
10/22/2020 7:56:04 AM,-0.824899,0.06779371,3.282007,0.09650111,0.8718238,-0.07086989
10/22/2020 7:56:04 AM,-0.8259133,0.0678415,3.282706,0.09759388,0.8726685,-0.07159808
10/22/2020 7:56:04 AM,-0.8267591,0.06783941,3.283332,0.09842134,0.8735793,-0.07222985
10/22/2020 7:56:04 AM,-0.8274207,0.06784287,3.2842,0.09863809,0.8743076,-0.07252104
10/22/2020 7:56:04 AM,-0.827898,0.06787452,3.284936,0.09817568,0.8747752,-0.07257564
10/22/2020 7:56:04 AM,-0.8283861,0.06779254,3.285702,0.09775529,0.8749548,-0.07290325
10/22/2020 7:56:04 AM,-0.828843,0.06755698,3.286354,0.0973924,0.8750086,-0.07344014
10/22/2020 7:56:04 AM,-0.8292891,0.06717142,3.287023,0.09780791,0.8748655,-0.07449867
10/22/2020 7:56:04 AM,-0.8298715,0.06688635,3.287528,0.09857192,0.8746176,-0.0755803
10/22/2020 7:56:04 AM,-0.8303146,0.06688121,3.287986,0.09913965,0.8745207,-0.07640775
10/22/2020 7:56:04 AM,-0.8305475,0.0667427,3.288119,0.09954727,0.8746713,-0.0765316
10/22/2020 7:56:04 AM,-0.8308445,0.0666594,3.288487,0.0998006,0.8748459,-0.07660028
10/22/2020 7:56:04 AM,-0.8308148,0.06659116,3.288535,0.1002976,0.8751315,-0.07644742
10/22/2020 7:56:04 AM,-0.8308719,0.06636155,3.288672,0.1008896,0.8753458,-0.07585265
10/22/2020 7:56:04 AM,-0.83117,0.06603262,3.288758,0.1017614,0.8754306,-0.07545818
10/22/2020 7:56:04 AM,-0.8312674,0.06610744,3.288787,0.1023609,0.8755274,-0.07519288
10/22/2020 7:56:04 AM,-0.8313448,0.06575304,3.288808,0.1027221,0.8756312,-0.07507769
10/22/2020 7:56:04 AM,-0.8313975,0.0655205,3.288855,0.1027975,0.8755602,-0.07597803
10/22/2020 7:56:04 AM,-0.8316463,0.06520496,3.288908,0.1026457,0.8754597,-0.07711656
10/22/2020 7:56:04 AM,-0.8317446,0.06498858,3.288959,0.1024839,0.8754259,-0.07848851
10/22/2020 7:56:04 AM,-0.8321134,0.06492022,3.289074,0.1024453,0.8753431,-0.07989226
10/22/2020 7:56:04 AM,-0.8322461,0.06480922,3.289104,0.1024683,0.875355,-0.08072773
10/22/2020 7:56:04 AM,-0.8326321,0.06464341,3.289169,0.1025854,0.8754046,-0.08161726
10/22/2020 7:56:04 AM,-0.8328094,0.0645128,3.289335,0.1026505,0.8755095,-0.08252149
10/22/2020 7:56:04 AM,-0.8331007,0.06430091,3.28963,0.1027925,0.875505,-0.08357807
10/22/2020 7:56:04 AM,-0.8332719,0.06428245,3.289931,0.1027406,0.8754354,-0.08431385
10/22/2020 7:56:04 AM,-0.8335955,0.06435946,3.290134,0.10268,0.8753883,-0.08480006
10/22/2020 7:56:04 AM,-0.8337302,0.06445405,3.290574,0.1023376,0.875478,-0.08462612
10/22/2020 7:56:04 AM,-0.8340816,0.06423624,3.290893,0.1023125,0.8755281,-0.08437316
10/22/2020 7:56:04 AM,-0.834278,0.06415734,3.291434,0.1025095,0.8755606,-0.08442044
10/22/2020 7:56:04 AM,-0.8346025,0.06389292,3.292203,0.1028936,0.8754912,-0.08474798
10/22/2020 7:56:04 AM,-0.8349322,0.06350107,3.292938,0.1033441,0.8753029,-0.0852401
10/22/2020 7:56:04 AM,-0.8350736,0.06357154,3.293772,0.1034195,0.875129,-0.0856412
10/22/2020 7:56:04 AM,-0.8354079,0.06336702,3.294665,0.1035485,0.8748356,-0.0857396
10/22/2020 7:56:04 AM,-0.8355716,0.06319607,3.295619,0.103585,0.8745055,-0.08589424
10/22/2020 7:56:04 AM,-0.835712,0.0629283,3.2967,0.1037928,0.87407,-0.08626384
10/22/2020 7:56:04 AM,-0.8359318,0.06243525,3.297748,0.1045252,0.8735002,-0.08687419
10/22/2020 7:56:04 AM,-0.8362784,0.06222807,3.298989,0.1055423,0.8728334,-0.08773986
10/22/2020 7:56:04 AM,-0.8365222,0.06180838,3.300213,0.1064914,0.8723744,-0.08845883
10/22/2020 7:56:04 AM,-0.8371009,0.06162139,3.301029,0.1069421,0.8719254,-0.08917145
10/22/2020 7:56:04 AM,-0.8370795,0.06124539,3.301973,0.108644,0.8721918,-0.09021009
10/22/2020 7:56:04 AM,-0.8372794,0.0607792,3.303323,0.1096201,0.8722279,-0.09158096
10/22/2020 7:56:04 AM,-0.8375363,0.06052237,3.304788,0.1111623,0.8719705,-0.09286861
10/22/2020 7:56:04 AM,-0.8376653,0.06026688,3.306196,0.1122006,0.8717903,-0.0938997
10/22/2020 7:56:04 AM,-0.8380631,0.05969831,3.307439,0.1135992,0.8714762,-0.09487578
10/22/2020 7:56:04 AM,-0.8381946,0.0594402,3.309163,0.114642,0.8710935,-0.09624363
10/22/2020 7:56:04 AM,-0.8385174,0.05906178,3.31052,0.1159868,0.8704895,-0.09735052
10/22/2020 7:56:05 AM,-0.8387321,0.05920675,3.312033,0.1166258,0.8700736,-0.0979131
10/22/2020 7:56:05 AM,-0.8388077,0.05910568,3.313819,0.1168935,0.8697739,-0.09805195
10/22/2020 7:56:05 AM,-0.8390227,0.05918254,3.315654,0.1171257,0.8693461,-0.09764861
10/22/2020 7:56:05 AM,-0.8390903,0.05900759,3.317549,0.117649,0.868876,-0.09688316
10/22/2020 7:56:05 AM,-0.8392376,0.05888579,3.319357,0.1179539,0.868369,-0.09640126
10/22/2020 7:56:05 AM,-0.8392391,0.05867199,3.321378,0.1182663,0.8678843,-0.09595142
10/22/2020 7:56:05 AM,-0.8392999,0.05855954,3.323362,0.1186939,0.8673491,-0.09582276
10/22/2020 7:56:05 AM,-0.8392342,0.05832895,3.32552,0.1190932,0.8667752,-0.09566929
10/22/2020 7:56:05 AM,-0.8390033,0.05830625,3.327512,0.1193317,0.8662772,-0.09552177
10/22/2020 7:56:05 AM,-0.8386631,0.05799244,3.329761,0.1194241,0.8658186,-0.09540376
10/22/2020 7:56:05 AM,-0.838488,0.05774049,3.33166,0.1196762,0.8653734,-0.09541754
10/22/2020 7:56:05 AM,-0.8378884,0.05733172,3.333883,0.1201516,0.8652706,-0.09563886
10/22/2020 7:56:05 AM,-0.8374799,0.05685569,3.336041,0.1212368,0.864958,-0.09633144
10/22/2020 7:56:05 AM,-0.837027,0.05684733,3.338356,0.1219155,0.8646808,-0.09687513
10/22/2020 7:56:05 AM,-0.8365853,0.05713831,3.340168,0.1217614,0.864733,-0.09716166
10/22/2020 7:56:05 AM,-0.8356773,0.05678225,3.342091,0.1222034,0.8653108,-0.09689759
10/22/2020 7:56:05 AM,-0.8345617,0.0563613,3.344356,0.1226249,0.8658852,-0.09724662
10/22/2020 7:56:05 AM,-0.8334159,0.05594077,3.346642,0.1239357,0.8660336,-0.09808563
10/22/2020 7:56:05 AM,-0.8323358,0.05568999,3.348598,0.1253586,0.8660701,-0.09906618
10/22/2020 7:56:05 AM,-0.8308983,0.0557342,3.350725,0.1263745,0.8661892,-0.1002308
10/22/2020 7:56:05 AM,-0.8289725,0.05584889,3.352789,0.1263074,0.8667946,-0.1010541
10/22/2020 7:56:05 AM,-0.8269292,0.05554463,3.355292,0.1263611,0.8671942,-0.1015445
10/22/2020 7:56:05 AM,-0.8246987,0.05493624,3.357873,0.1274829,0.8673055,-0.1019079
10/22/2020 7:56:05 AM,-0.8220307,0.05452464,3.360645,0.1293817,0.867075,-0.1019528
10/22/2020 7:56:05 AM,-0.8193992,0.05438306,3.36281,0.1316283,0.8663332,-0.1024164
10/22/2020 7:56:05 AM,-0.8165947,0.05410842,3.365184,0.1329164,0.8658953,-0.1034315
10/22/2020 7:56:05 AM,-0.8135855,0.05375847,3.367469,0.1341649,0.8655794,-0.1043803
10/22/2020 7:56:05 AM,-0.8100306,0.05341085,3.370002,0.1349181,0.8651362,-0.1049482
10/22/2020 7:56:05 AM,-0.8066019,0.05266731,3.372414,0.1356896,0.8647907,-0.1053334
10/22/2020 7:56:05 AM,-0.8030692,0.05180532,3.374561,0.1361393,0.8644541,-0.1058519
10/22/2020 7:56:05 AM,-0.7992736,0.05140017,3.376038,0.1361568,0.8647872,-0.1068485
10/22/2020 7:56:05 AM,-0.7953458,0.05092135,3.377778,0.1352898,0.8655505,-0.1072818
10/22/2020 7:56:05 AM,-0.7914585,0.0508534,3.378933,0.1341319,0.8663858,-0.1076917
10/22/2020 7:56:05 AM,-0.7875763,0.05067182,3.379728,0.1317102,0.8681145,-0.1079263
10/22/2020 7:56:05 AM,-0.7835745,0.05079976,3.379345,0.1275183,0.8714508,-0.1070547
10/22/2020 7:56:05 AM,-0.7790165,0.05088019,3.379231,0.1232645,0.8748261,-0.1068637
10/22/2020 7:56:05 AM,-0.7741816,0.04990049,3.379805,0.1177102,0.8794302,-0.106946
10/22/2020 7:56:05 AM,-0.7688532,0.04814439,3.381428,0.114055,0.8836046,-0.1074699
10/22/2020 7:56:05 AM,-0.7637975,0.04676915,3.382368,0.1120936,0.8865709,-0.1081373
10/22/2020 7:56:05 AM,-0.7578303,0.04557198,3.384023,0.1108371,0.888878,-0.1103725
10/22/2020 7:56:05 AM,-0.7516411,0.04496615,3.385564,0.1096678,0.8904245,-0.1127078
10/22/2020 7:56:05 AM,-0.7450939,0.04416279,3.387319,0.1091745,0.8913001,-0.1136613
10/22/2020 7:56:05 AM,-0.7383128,0.04316989,3.388834,0.1086636,0.8911612,-0.1141618
10/22/2020 7:56:05 AM,-0.731627,0.04216438,3.390084,0.1075118,0.8915073,-0.1150222
10/22/2020 7:56:05 AM,-0.7247779,0.04124597,3.390771,0.1058077,0.8917257,-0.1166985
10/22/2020 7:56:05 AM,-0.7176433,0.04006338,3.392034,0.1042858,0.8918191,-0.1182789
10/22/2020 7:56:05 AM,-0.7104146,0.03905096,3.392931,0.1030908,0.891786,-0.1198777
10/22/2020 7:56:05 AM,-0.7028964,0.0384262,3.393891,0.1009768,0.891871,-0.1214387
10/22/2020 7:56:05 AM,-0.6954478,0.03734776,3.394601,0.09893192,0.8920806,-0.1228979
10/22/2020 7:56:05 AM,-0.6878484,0.03652588,3.395642,0.09702357,0.8923466,-0.1243401
10/22/2020 7:56:05 AM,-0.6803297,0.03547815,3.396299,0.09469593,0.8928084,-0.1250963
10/22/2020 7:56:05 AM,-0.6726106,0.03455038,3.397187,0.09259312,0.8930902,-0.1271632
10/22/2020 7:56:05 AM,-0.6650945,0.03478937,3.397647,0.09012383,0.8933341,-0.1295889
10/22/2020 7:56:05 AM,-0.6569849,0.03607097,3.397842,0.08620188,0.8938649,-0.1326194
10/22/2020 7:56:05 AM,-0.6493034,0.03861944,3.398092,0.08134045,0.8944941,-0.1344688
10/22/2020 7:56:05 AM,-0.6415554,0.04073182,3.398401,0.07621792,0.8954802,-0.1350983
10/22/2020 7:56:05 AM,-0.6343327,0.04175818,3.398691,0.07098283,0.8964535,-0.1369036
10/22/2020 7:56:05 AM,-0.6268644,0.04372343,3.399385,0.06527928,0.8973873,-0.1403443
10/22/2020 7:56:05 AM,-0.6194901,0.04540728,3.400065,0.06002447,0.8983612,-0.143973
10/22/2020 7:56:05 AM,-0.6119867,0.04764332,3.401206,0.05648677,0.8990945,-0.1478412
10/22/2020 7:56:06 AM,-0.6050704,0.04977914,3.402313,0.05431402,0.8996515,-0.1508008
10/22/2020 7:56:06 AM,-0.5980318,0.05267941,3.403408,0.05249958,0.9001611,-0.1534483
10/22/2020 7:56:06 AM,-0.591155,0.05557167,3.404516,0.04972396,0.9007123,-0.1549295
10/22/2020 7:56:06 AM,-0.5840991,0.05820472,3.405839,0.04604325,0.9012114,-0.154802
10/22/2020 7:56:06 AM,-0.5772613,0.06013699,3.407221,0.04148559,0.9016263,-0.153299
10/22/2020 7:56:06 AM,-0.5703808,0.06113412,3.408668,0.03532711,0.9020985,-0.1498587
10/22/2020 7:56:06 AM,-0.5635972,0.06114577,3.409907,0.03028322,0.9024764,-0.1466603
10/22/2020 7:56:06 AM,-0.5566677,0.06092171,3.411301,0.02548693,0.9028098,-0.1437627
10/22/2020 7:56:06 AM,-0.5498729,0.06099237,3.412568,0.02170816,0.903469,-0.1413631
10/22/2020 7:56:06 AM,-0.5427889,0.06106917,3.413923,0.01917426,0.9045426,-0.139093
10/22/2020 7:56:06 AM,-0.5359004,0.06159781,3.415334,0.01812639,0.9059161,-0.1368544
10/22/2020 7:56:06 AM,-0.5288545,0.06299256,3.416938,0.01840908,0.9077775,-0.1338277
10/22/2020 7:56:06 AM,-0.5219243,0.06370039,3.418639,0.01778956,0.9092808,-0.1317727
10/22/2020 7:56:06 AM,-0.5150604,0.06449126,3.420554,0.01785488,0.9106623,-0.1310108
10/22/2020 7:56:06 AM,-0.5084376,0.06507077,3.422179,0.01891033,0.9120536,-0.1313335
10/22/2020 7:56:06 AM,-0.5015172,0.06716437,3.424166,0.01922361,0.9135091,-0.1320911
10/22/2020 7:56:06 AM,-0.494904,0.06683908,3.426902,0.02055979,0.9147796,-0.1315518
10/22/2020 7:56:06 AM,-0.4888676,0.06735373,3.429806,0.02282303,0.9153689,-0.1312362
10/22/2020 7:56:06 AM,-0.4834798,0.0677648,3.432026,0.02411254,0.9159579,-0.1303749
10/22/2020 7:56:06 AM,-0.4777539,0.06815907,3.434438,0.02393884,0.9170746,-0.1295299
10/22/2020 7:56:06 AM,-0.4726136,0.06840077,3.437189,0.02313488,0.9183916,-0.128922
10/22/2020 7:56:06 AM,-0.4673907,0.06821219,3.440511,0.0223043,0.9199045,-0.1282157
10/22/2020 7:56:06 AM,-0.4621046,0.06893042,3.443649,0.02058475,0.9216217,-0.1268483
10/22/2020 7:56:06 AM,-0.4564745,0.06899723,3.447538,0.01850345,0.9234751,-0.1249425
10/22/2020 7:56:06 AM,-0.4508263,0.06878693,3.451578,0.01694463,0.9252804,-0.1228522
10/22/2020 7:56:06 AM,-0.4451033,0.06838397,3.456371,0.0156426,0.9269213,-0.1208991
10/22/2020 7:56:06 AM,-0.4393736,0.06786523,3.460934,0.01482848,0.9284539,-0.1186944
10/22/2020 7:56:06 AM,-0.4336446,0.06715145,3.465765,0.01466116,0.9300959,-0.1166497
10/22/2020 7:56:06 AM,-0.4278089,0.06639172,3.470501,0.01477487,0.931876,-0.1152044
10/22/2020 7:56:06 AM,-0.422462,0.06509633,3.476172,0.01642005,0.9335384,-0.1144893
10/22/2020 7:56:06 AM,-0.4170867,0.06402896,3.48195,0.01789136,0.9348665,-0.1146956
10/22/2020 7:56:06 AM,-0.4121646,0.06297461,3.488232,0.01977446,0.9361002,-0.1153982
10/22/2020 7:56:06 AM,-0.4069987,0.06237368,3.494652,0.02094099,0.9373783,-0.1167879
10/22/2020 7:56:06 AM,-0.4016156,0.06161986,3.502063,0.02171088,0.9385875,-0.117739
10/22/2020 7:56:06 AM,-0.3963647,0.06073083,3.509652,0.02213561,0.9393892,-0.1183298
10/22/2020 7:56:06 AM,-0.3910712,0.05940346,3.517259,0.02258677,0.940247,-0.1189247
10/22/2020 7:56:06 AM,-0.3859715,0.0593571,3.524794,0.02257014,0.941183,-0.1192267
10/22/2020 7:56:06 AM,-0.3807383,0.05853955,3.532828,0.02239257,0.942417,-0.1193295
10/22/2020 7:56:06 AM,-0.3757818,0.05730383,3.541161,0.02317453,0.9438129,-0.1191052
10/22/2020 7:56:06 AM,-0.3709334,0.05623094,3.549953,0.02438712,0.9451099,-0.1191569
10/22/2020 7:56:06 AM,-0.3662613,0.05442968,3.559531,0.02560192,0.9461671,-0.1187877
10/22/2020 7:56:06 AM,-0.361851,0.0526376,3.569199,0.0269682,0.9467909,-0.1193647
10/22/2020 7:56:06 AM,-0.3575321,0.05226775,3.579098,0.02676729,0.9472648,-0.1210466
10/22/2020 7:56:06 AM,-0.3531008,0.05194286,3.588932,0.0261919,0.9480568,-0.1233211
10/22/2020 7:56:06 AM,-0.3486258,0.05100323,3.599795,0.025404,0.9492908,-0.1240572
10/22/2020 7:56:06 AM,-0.3440509,0.05012879,3.610837,0.02709824,0.9501543,-0.1254698
10/22/2020 7:56:06 AM,-0.3394852,0.05340346,3.621006,0.0264083,0.9509707,-0.1260656
10/22/2020 7:56:06 AM,-0.3346797,0.05372127,3.631219,0.02256017,0.9527274,-0.1265078
10/22/2020 7:56:06 AM,-0.3298116,0.05272517,3.642635,0.02380924,0.9540774,-0.1273199
10/22/2020 7:56:06 AM,-0.3244503,0.0589707,3.652351,0.02417193,0.9544222,-0.1306645
10/22/2020 7:56:06 AM,-0.3190898,0.06180113,3.661722,0.01804809,0.9564744,-0.1291961
10/22/2020 7:56:06 AM,-0.3142893,0.05963377,3.67343,0.02422343,0.9574593,-0.1324096
10/22/2020 7:56:06 AM,-0.3094257,0.06423074,3.683475,0.03154816,0.9577433,-0.1328442
10/22/2020 7:56:06 AM,-0.3053846,0.06619596,3.692503,0.03489629,0.9578876,-0.132241
10/22/2020 7:56:06 AM,-0.3015638,0.0671961,3.701411,0.04017491,0.9581419,-0.1324923
10/22/2020 7:56:06 AM,-0.2972508,0.06877904,3.710446,0.04336141,0.958433,-0.1330564
10/22/2020 7:56:06 AM,-0.2932226,0.06925565,3.719556,0.04593405,0.958429,-0.1341974
10/22/2020 7:56:06 AM,-0.2892755,0.07016356,3.728172,0.04799242,0.9582157,-0.1356033
10/22/2020 7:56:06 AM,-0.2861662,0.07089497,3.736309,0.04949516,0.9577392,-0.1375095
10/22/2020 7:56:06 AM,-0.2830646,0.07199773,3.743654,0.04864402,0.9577252,-0.1395625
10/22/2020 7:56:07 AM,-0.2799701,0.0725163,3.751285,0.04638356,0.9580216,-0.1423218
10/22/2020 7:56:07 AM,-0.2769787,0.07280159,3.758933,0.04487727,0.9584343,-0.1443821
10/22/2020 7:56:07 AM,-0.2739546,0.07253429,3.766612,0.04420985,0.958956,-0.1458993
10/22/2020 7:56:07 AM,-0.2709907,0.07251039,3.773856,0.04523207,0.9593671,-0.1469541
10/22/2020 7:56:07 AM,-0.2685546,0.07216674,3.781222,0.04872395,0.9596074,-0.1476145
10/22/2020 7:56:07 AM,-0.2665186,0.07221967,3.787528,0.05564044,0.9592271,-0.1506727
10/22/2020 7:56:07 AM,-0.2643123,0.07213251,3.79411,0.05988117,0.9589966,-0.1533874
10/22/2020 7:56:07 AM,-0.2627233,0.07254325,3.80028,0.06582016,0.9584844,-0.1560183
10/22/2020 7:56:07 AM,-0.2616633,0.0728967,3.806394,0.07111266,0.9577789,-0.1586639
10/22/2020 7:56:07 AM,-0.2606243,0.07373594,3.812298,0.07395165,0.9573477,-0.1598631
10/22/2020 7:56:07 AM,-0.2600178,0.07452103,3.818307,0.07424284,0.9571959,-0.1593954
10/22/2020 7:56:07 AM,-0.259362,0.07477006,3.823853,0.07448817,0.9573348,-0.1568608
10/22/2020 7:56:07 AM,-0.2591182,0.07433379,3.828785,0.0747578,0.9574746,-0.1527286
10/22/2020 7:56:07 AM,-0.2586833,0.0746555,3.833675,0.07604781,0.9575107,-0.1496938
10/22/2020 7:56:07 AM,-0.2586244,0.07450861,3.837689,0.07702712,0.957582,-0.1458039
10/22/2020 7:56:07 AM,-0.2584842,0.07447634,3.84143,0.07828289,0.9575931,-0.1425804
10/22/2020 7:56:07 AM,-0.2590392,0.07427089,3.844586,0.08101258,0.9575242,-0.1389069
10/22/2020 7:56:07 AM,-0.2594075,0.07459388,3.847484,0.08440913,0.9573391,-0.135219
10/22/2020 7:56:07 AM,-0.2606176,0.07408615,3.849945,0.08720191,0.9570351,-0.132266
10/22/2020 7:56:07 AM,-0.2623322,0.07320635,3.852182,0.09038705,0.9563906,-0.1319245
10/22/2020 7:56:07 AM,-0.2640854,0.07318129,3.854153,0.09274766,0.9556968,-0.1328079
10/22/2020 7:56:07 AM,-0.2660879,0.07259314,3.856217,0.09482252,0.9549007,-0.1341439
10/22/2020 7:56:07 AM,-0.2683066,0.07230596,3.858274,0.09667912,0.9539232,-0.1366905
10/22/2020 7:56:07 AM,-0.2704898,0.0719931,3.860421,0.09906238,0.95283,-0.1390333
10/22/2020 7:56:07 AM,-0.2729536,0.07131103,3.862756,0.1014502,0.9515298,-0.1410711
10/22/2020 7:56:07 AM,-0.2753254,0.07159229,3.864385,0.102627,0.9501532,-0.1436802
10/22/2020 7:56:07 AM,-0.277713,0.07213224,3.865799,0.1028244,0.9490247,-0.1455327
10/22/2020 7:56:07 AM,-0.2800801,0.07243927,3.867001,0.1034638,0.9480444,-0.1459875
10/22/2020 7:56:07 AM,-0.282441,0.07255965,3.868244,0.103516,0.94728,-0.1457328
10/22/2020 7:56:07 AM,-0.284299,0.07229121,3.869791,0.1034783,0.9467525,-0.1452342
10/22/2020 7:56:07 AM,-0.2859814,0.07210247,3.871237,0.1047612,0.9460954,-0.1440754
10/22/2020 7:56:07 AM,-0.2875751,0.07161959,3.872783,0.1076992,0.9451433,-0.1420363
10/22/2020 7:56:07 AM,-0.28956,0.07077565,3.874174,0.1124038,0.9436828,-0.1399359
10/22/2020 7:56:07 AM,-0.2918315,0.07007739,3.875291,0.1177572,0.9417902,-0.1393844
10/22/2020 7:56:07 AM,-0.2941666,0.0701657,3.876223,0.1233759,0.9395595,-0.1410143
10/22/2020 7:56:07 AM,-0.2965202,0.06996121,3.877095,0.1277213,0.9376053,-0.1412193
10/22/2020 7:56:07 AM,-0.2993683,0.06985891,3.878438,0.1315299,0.9353799,-0.1443121
10/22/2020 7:56:07 AM,-0.3017578,0.07067183,3.879491,0.1332781,0.9337375,-0.1446126
10/22/2020 7:56:07 AM,-0.3044983,0.07067241,3.8804,0.1337121,0.9324046,-0.1453549
10/22/2020 7:56:07 AM,-0.3070962,0.07081365,3.881522,0.1330903,0.9316012,-0.1444902
10/22/2020 7:56:07 AM,-0.3097554,0.07087362,3.882073,0.1323931,0.930963,-0.144228
10/22/2020 7:56:07 AM,-0.3124451,0.07051565,3.882851,0.1319481,0.930585,-0.1439882
10/22/2020 7:56:07 AM,-0.3151584,0.07039988,3.883418,0.1318727,0.9303992,-0.144243
10/22/2020 7:56:07 AM,-0.3176382,0.07077,3.883978,0.1324486,0.9302463,-0.1440031
10/22/2020 7:56:07 AM,-0.3201423,0.0710828,3.88432,0.1333115,0.930108,-0.1432289
10/22/2020 7:56:07 AM,-0.3227402,0.07129045,3.884465,0.1341152,0.9300171,-0.1422556
10/22/2020 7:56:07 AM,-0.3254181,0.07132238,3.884558,0.1346569,0.9299197,-0.1421553
10/22/2020 7:56:07 AM,-0.3282644,0.07069675,3.885049,0.1348711,0.9299131,-0.1429121
10/22/2020 7:56:07 AM,-0.3307852,0.07021247,3.885759,0.1345841,0.9298422,-0.1454731
10/22/2020 7:56:07 AM,-0.3334895,0.0699214,3.886589,0.1342512,0.9296491,-0.1461105
10/22/2020 7:56:07 AM,-0.3361636,0.06951547,3.887239,0.1344064,0.929286,-0.1466136
10/22/2020 7:56:07 AM,-0.3390614,0.06879695,3.887759,0.1338029,0.9291222,-0.1462826
10/22/2020 7:56:07 AM,-0.3419939,0.06779858,3.888343,0.1327328,0.9291143,-0.1458532
10/22/2020 7:56:07 AM,-0.3449275,0.066876,3.889159,0.131027,0.9293737,-0.1454591
10/22/2020 7:56:07 AM,-0.3478291,0.06606479,3.890098,0.129473,0.9297994,-0.1441261
10/22/2020 7:56:07 AM,-0.3506619,0.06597959,3.890985,0.1279667,0.9304797,-0.1415049
10/22/2020 7:56:07 AM,-0.3532626,0.06609048,3.891633,0.1266748,0.9313964,-0.137135
10/22/2020 7:56:07 AM,-0.3560588,0.06618033,3.892171,0.1252642,0.932243,-0.1338446
10/22/2020 7:56:07 AM,-0.3586794,0.06753985,3.893059,0.1235529,0.9333162,-0.1312164
10/22/2020 7:56:07 AM,-0.3613822,0.06987955,3.894135,0.120702,0.9347164,-0.1279891
10/22/2020 7:56:08 AM,-0.3637754,0.07301266,3.895309,0.1167088,0.9368113,-0.1215172
10/22/2020 7:56:08 AM,-0.3663991,0.07468781,3.896637,0.1117904,0.9391916,-0.1135283
10/22/2020 7:56:08 AM,-0.3688312,0.0759716,3.898209,0.1074574,0.9413314,-0.1065453
10/22/2020 7:56:08 AM,-0.371286,0.07723083,3.89983,0.103889,0.9432887,-0.09993348
10/22/2020 7:56:08 AM,-0.3734534,0.07847984,3.901675,0.1007062,0.9449133,-0.09547313
10/22/2020 7:56:08 AM,-0.3758141,0.07986132,3.903641,0.09829514,0.9462866,-0.09206272
10/22/2020 7:56:08 AM,-0.3781788,0.08150753,3.905741,0.09696316,0.9475121,-0.08964528
10/22/2020 7:56:08 AM,-0.3802565,0.08312072,3.90794,0.09493016,0.9488745,-0.08552752
10/22/2020 7:56:08 AM,-0.3821548,0.08458699,3.910122,0.09268693,0.9502808,-0.08092383
10/22/2020 7:56:08 AM,-0.3839354,0.08582845,3.912088,0.09058438,0.9516927,-0.07605039
10/22/2020 7:56:08 AM,-0.3851581,0.08708195,3.913975,0.0884499,0.9530502,-0.0713185
10/22/2020 7:56:08 AM,-0.3865237,0.08797544,3.915958,0.08650172,0.9542969,-0.06710311
10/22/2020 7:56:08 AM,-0.3874423,0.08857001,3.918053,0.08471594,0.9554846,-0.06350786
10/22/2020 7:56:08 AM,-0.3885159,0.08868554,3.920095,0.08318937,0.9565336,-0.06138492
10/22/2020 7:56:08 AM,-0.3892651,0.08938213,3.92236,0.08177345,0.9575129,-0.05979028
10/22/2020 7:56:08 AM,-0.3898801,0.08989178,3.924221,0.08048002,0.9586248,-0.05793523
10/22/2020 7:56:08 AM,-0.3901819,0.09038126,3.926471,0.07905331,0.9597343,-0.05542815
10/22/2020 7:56:08 AM,-0.3903047,0.0907325,3.928757,0.07800982,0.9608122,-0.05321167
10/22/2020 7:56:08 AM,-0.3902633,0.0911714,3.930982,0.07710405,0.9618559,-0.05064343
10/22/2020 7:56:08 AM,-0.390022,0.09143978,3.933041,0.07655566,0.9629076,-0.04831314
10/22/2020 7:56:08 AM,-0.3900143,0.09153239,3.935012,0.07657596,0.9640692,-0.04600961
10/22/2020 7:56:08 AM,-0.3895456,0.09164543,3.936893,0.07687248,0.9653958,-0.04417743
10/22/2020 7:56:08 AM,-0.3891492,0.09133859,3.938879,0.07716382,0.9666506,-0.04295593
10/22/2020 7:56:08 AM,-0.3883716,0.09137706,3.940855,0.07765928,0.9678,-0.04255638
10/22/2020 7:56:08 AM,-0.3875628,0.09262194,3.942696,0.0784537,0.9687975,-0.04363646
10/22/2020 7:56:08 AM,-0.3866606,0.09349734,3.94472,0.07867219,0.9697589,-0.04360304
10/22/2020 7:56:08 AM,-0.3854466,0.09432452,3.946421,0.07862412,0.9707162,-0.04499888
10/22/2020 7:56:08 AM,-0.3844665,0.09506312,3.948547,0.0776573,0.971558,-0.04587849
10/22/2020 7:56:08 AM,-0.3834785,0.09527464,3.950629,0.07613987,0.9723684,-0.04669938
10/22/2020 7:56:08 AM,-0.3822668,0.0953882,3.952472,0.07460025,0.9731883,-0.04744934
10/22/2020 7:56:08 AM,-0.3810966,0.095531,3.954511,0.07285854,0.9740062,-0.04844502
10/22/2020 7:56:08 AM,-0.3800849,0.09543091,3.956436,0.07147038,0.9748095,-0.04929189
10/22/2020 7:56:08 AM,-0.3791593,0.09551039,3.95807,0.07046645,0.9756503,-0.04987888
10/22/2020 7:56:08 AM,-0.3781591,0.09577222,3.959646,0.0695944,0.976639,-0.05013699
10/22/2020 7:56:08 AM,-0.3772544,0.09568587,3.961199,0.06918339,0.9776328,-0.05052796
10/22/2020 7:56:08 AM,-0.3761314,0.09574607,3.963063,0.06876961,0.9785635,-0.05089263
10/22/2020 7:56:08 AM,-0.3750378,0.09565379,3.964668,0.0682296,0.9794027,-0.05144544
10/22/2020 7:56:08 AM,-0.3736745,0.09569171,3.966317,0.06741431,0.9801471,-0.05182286
10/22/2020 7:56:08 AM,-0.3723853,0.0956901,3.967895,0.06635397,0.9807913,-0.05180845
10/22/2020 7:56:08 AM,-0.3704767,0.09535676,3.969394,0.0651096,0.9813737,-0.05192196
10/22/2020 7:56:08 AM,-0.3688266,0.09467757,3.971209,0.06423943,0.9816704,-0.05242395
10/22/2020 7:56:08 AM,-0.367016,0.09397914,3.972991,0.06415535,0.9817733,-0.05354961
10/22/2020 7:56:08 AM,-0.3653605,0.0934111,3.974567,0.06515499,0.9815237,-0.05518101
10/22/2020 7:56:08 AM,-0.3635885,0.09284697,3.976223,0.06589966,0.9813918,-0.05670128
10/22/2020 7:56:08 AM,-0.3618416,0.09302901,3.977716,0.06668545,0.9810485,-0.05831893
10/22/2020 7:56:08 AM,-0.3600545,0.09365455,3.979011,0.06714626,0.9806857,-0.05937202
10/22/2020 7:56:08 AM,-0.3582568,0.09441991,3.979839,0.06688737,0.9804182,-0.05985211
10/22/2020 7:56:08 AM,-0.3563498,0.09510867,3.980683,0.06614152,0.9802205,-0.06014708
10/22/2020 7:56:08 AM,-0.3544891,0.09502757,3.981511,0.06561799,0.9800095,-0.06046871
10/22/2020 7:56:08 AM,-0.3527609,0.09482372,3.982458,0.06567614,0.9797501,-0.06111499
10/22/2020 7:56:08 AM,-0.3512029,0.09444197,3.98349,0.06636029,0.9794386,-0.06198025
10/22/2020 7:56:08 AM,-0.3496799,0.09418474,3.984428,0.06757247,0.9790978,-0.06276063
10/22/2020 7:56:08 AM,-0.3482191,0.09384114,3.985521,0.06907554,0.9787025,-0.06333744
10/22/2020 7:56:08 AM,-0.3468993,0.09376656,3.986439,0.07074708,0.9782956,-0.06353587
10/22/2020 7:56:08 AM,-0.3456769,0.09350547,3.987249,0.07211871,0.9778904,-0.06343825
10/22/2020 7:56:08 AM,-0.3445112,0.09343033,3.988109,0.07285919,0.977512,-0.0632569
10/22/2020 7:56:08 AM,-0.3432767,0.09308899,3.988863,0.07322026,0.9771807,-0.06295169
10/22/2020 7:56:08 AM,-0.3421177,0.09294841,3.989518,0.0732934,0.9768701,-0.06269812
10/22/2020 7:56:08 AM,-0.3410775,0.09258683,3.990214,0.07359406,0.9765121,-0.06273064
10/22/2020 7:56:08 AM,-0.3401742,0.09258597,3.99072,0.07380869,0.9762517,-0.06305502
10/22/2020 7:56:09 AM,-0.3393281,0.09271006,3.991331,0.07372716,0.9760241,-0.06411432
10/22/2020 7:56:09 AM,-0.3385642,0.09255596,3.991751,0.07460345,0.9758352,-0.06423932
10/22/2020 7:56:09 AM,-0.337714,0.09291983,3.992246,0.07469213,0.9757178,-0.06494074
10/22/2020 7:56:09 AM,-0.3368207,0.09296969,3.99276,0.07486212,0.9755887,-0.06498887
10/22/2020 7:56:09 AM,-0.336051,0.0929058,3.993377,0.07492775,0.9753931,-0.06491715
10/22/2020 7:56:09 AM,-0.3351611,0.09261303,3.993907,0.0752835,0.9751393,-0.06505647
10/22/2020 7:56:09 AM,-0.3342431,0.09233595,3.994251,0.07553346,0.9747973,-0.06508563
10/22/2020 7:56:09 AM,-0.3335051,0.09197776,3.994802,0.07582054,0.9743859,-0.06527339
10/22/2020 7:56:09 AM,-0.3326403,0.09165517,3.995008,0.07624967,0.9739456,-0.06560165
10/22/2020 7:56:09 AM,-0.3318811,0.09154294,3.995307,0.07659081,0.9734877,-0.06600408
10/22/2020 7:56:09 AM,-0.3311596,0.09122127,3.995631,0.07715569,0.9730026,-0.06638536
10/22/2020 7:56:09 AM,-0.3305532,0.09104936,3.995832,0.07777022,0.9724966,-0.06703583
10/22/2020 7:56:09 AM,-0.3300846,0.09087935,3.995999,0.0783617,0.9720302,-0.06798953
10/22/2020 7:56:09 AM,-0.3296309,0.0908135,3.996267,0.07900288,0.9715791,-0.06911158
10/22/2020 7:56:09 AM,-0.3290862,0.09072344,3.996506,0.07941346,0.9711749,-0.07033615
10/22/2020 7:56:09 AM,-0.3286416,0.0909761,3.996764,0.07943793,0.9708294,-0.07129081
10/22/2020 7:56:09 AM,-0.3280516,0.09077788,3.996945,0.07947944,0.9705136,-0.07188255
10/22/2020 7:56:09 AM,-0.3276414,0.09071688,3.99732,0.07946125,0.9701588,-0.07223745
10/22/2020 7:56:09 AM,-0.327247,0.0905368,3.997555,0.07937538,0.9697936,-0.07242147
10/22/2020 7:56:09 AM,-0.3269222,0.09033066,3.997718,0.07945296,0.9694241,-0.07261477
10/22/2020 7:56:09 AM,-0.3265701,0.08994383,3.997953,0.07947568,0.9690505,-0.07304715
10/22/2020 7:56:09 AM,-0.3263875,0.08972348,3.998274,0.07962213,0.96865,-0.0738157
10/22/2020 7:56:09 AM,-0.3261592,0.08973432,3.998416,0.07978024,0.9683118,-0.07456576
10/22/2020 7:56:09 AM,-0.3260445,0.08963168,3.998649,0.08009031,0.9679857,-0.07518083
10/22/2020 7:56:09 AM,-0.3258894,0.08950445,3.99884,0.080384,0.9677185,-0.07544895
10/22/2020 7:56:09 AM,-0.3258867,0.0894799,3.99907,0.08094101,0.9674495,-0.07568296
10/22/2020 7:56:09 AM,-0.3259222,0.08931068,3.999314,0.08117822,0.9672342,-0.075747
10/22/2020 7:56:09 AM,-0.3259944,0.08949552,3.999436,0.08106413,0.9670522,-0.07612729
10/22/2020 7:56:09 AM,-0.3261446,0.08923757,3.999497,0.08134122,0.9669744,-0.0760071
10/22/2020 7:56:09 AM,-0.3262351,0.08930334,3.999848,0.08134276,0.9668429,-0.07630546
10/22/2020 7:56:09 AM,-0.3263543,0.08925303,3.999929,0.08157191,0.9667111,-0.07626085
10/22/2020 7:56:09 AM,-0.326551,0.08926886,4.000036,0.08164134,0.9666143,-0.07615694
10/22/2020 7:56:09 AM,-0.326797,0.08919952,4.000163,0.08168192,0.9665226,-0.07604105
10/22/2020 7:56:09 AM,-0.3270401,0.0891318,4.000254,0.08184678,0.9664104,-0.0760455
10/22/2020 7:56:09 AM,-0.3273212,0.08912148,4.000324,0.08185127,0.9662964,-0.07617429
10/22/2020 7:56:09 AM,-0.3276233,0.08911052,4.000433,0.08191419,0.9661716,-0.0764095
10/22/2020 7:56:09 AM,-0.3279353,0.08904505,4.000475,0.08193907,0.9660285,-0.07678267
10/22/2020 7:56:09 AM,-0.328154,0.08897512,4.000541,0.08196524,0.9658741,-0.07702897
10/22/2020 7:56:09 AM,-0.3284269,0.08915246,4.000539,0.08181852,0.9657464,-0.07717387
10/22/2020 7:56:09 AM,-0.328811,0.0889443,4.000534,0.08165742,0.9655992,-0.07741861
10/22/2020 7:56:09 AM,-0.3291792,0.08887242,4.000578,0.08157275,0.9654362,-0.07766055
10/22/2020 7:56:09 AM,-0.3295129,0.08882484,4.000555,0.08138278,0.9652929,-0.07799024
10/22/2020 7:56:09 AM,-0.3298311,0.08881431,4.000376,0.08124172,0.9651619,-0.07834902
10/22/2020 7:56:09 AM,-0.3302295,0.08854149,4.000201,0.08111509,0.9650118,-0.07897413
10/22/2020 7:56:09 AM,-0.3305838,0.08854879,4.000151,0.08080836,0.9648932,-0.07955103
10/22/2020 7:56:09 AM,-0.3309445,0.08863255,4.000045,0.08075002,0.9647946,-0.08017116
10/22/2020 7:56:09 AM,-0.3310983,0.08875582,3.999772,0.08058558,0.9647335,-0.08036039
10/22/2020 7:56:09 AM,-0.3314617,0.0888977,3.999673,0.0803606,0.9646757,-0.08025237
10/22/2020 7:56:09 AM,-0.3317403,0.08890145,3.999488,0.08019884,0.9646257,-0.08010116
10/22/2020 7:56:09 AM,-0.3320927,0.08899307,3.999312,0.07992227,0.9646007,-0.07997705
10/22/2020 7:56:09 AM,-0.3323817,0.08888237,3.999044,0.07970861,0.9645412,-0.08003063
10/22/2020 7:56:09 AM,-0.3327797,0.088838,3.998789,0.07981472,0.9645135,-0.07976262
10/22/2020 7:56:09 AM,-0.33315,0.08884774,3.998459,0.07969276,0.9644443,-0.07990634
10/22/2020 7:56:09 AM,-0.333517,0.0889542,3.998171,0.07954448,0.9643875,-0.08004674
10/22/2020 7:56:09 AM,-0.3338083,0.08907384,3.997686,0.0791263,0.9643545,-0.07994305
10/22/2020 7:56:09 AM,-0.3342597,0.08921485,3.997355,0.07872206,0.964303,-0.08000416
10/22/2020 7:56:09 AM,-0.3346811,0.08918256,3.996777,0.07811005,0.9643044,-0.0799619
10/22/2020 7:56:09 AM,-0.3351519,0.08905625,3.996267,0.07731452,0.9643075,-0.08007354
10/22/2020 7:56:09 AM,-0.3356498,0.08897075,3.995742,0.07641061,0.9643397,-0.08034565
10/22/2020 7:56:09 AM,-0.3361361,0.08891734,3.995258,0.07562813,0.9643695,-0.08087592
10/22/2020 7:56:10 AM,-0.3366723,0.08892195,3.994773,0.07467309,0.9644339,-0.08137081
10/22/2020 7:56:10 AM,-0.337118,0.08906677,3.994155,0.07362856,0.9645411,-0.08170334
10/22/2020 7:56:10 AM,-0.3376604,0.08921112,3.993606,0.07251085,0.9646366,-0.0818089
10/22/2020 7:56:10 AM,-0.3381982,0.08917275,3.992895,0.07131737,0.9647769,-0.08189426
10/22/2020 7:56:10 AM,-0.3388204,0.08910148,3.992385,0.07023199,0.9648874,-0.08202835
10/22/2020 7:56:10 AM,-0.3395835,0.08909576,3.991764,0.0688853,0.9649552,-0.08252785
10/22/2020 7:56:10 AM,-0.3403124,0.08913533,3.991179,0.0675773,0.9650723,-0.08294847
10/22/2020 7:56:10 AM,-0.3410348,0.08912114,3.99049,0.06607735,0.9651886,-0.08369325
10/22/2020 7:56:10 AM,-0.3418947,0.08922911,3.989928,0.06444682,0.9653146,-0.08436193
10/22/2020 7:56:10 AM,-0.3428494,0.08931141,3.989217,0.06264765,0.9654469,-0.08493812
10/22/2020 7:56:10 AM,-0.3437615,0.08951999,3.988493,0.0603798,0.9656741,-0.08550976
10/22/2020 7:56:10 AM,-0.3446943,0.08962953,3.987816,0.05797163,0.9658945,-0.0858928
10/22/2020 7:56:10 AM,-0.3457015,0.08963623,3.987112,0.05511047,0.9661778,-0.08631072
10/22/2020 7:56:10 AM,-0.3466693,0.08963282,3.986342,0.052213,0.9664534,-0.08682534
10/22/2020 7:56:10 AM,-0.3476241,0.08958185,3.985667,0.04951384,0.9667024,-0.08742964
10/22/2020 7:56:10 AM,-0.3484899,0.08943601,3.98504,0.04660771,0.96694,-0.0881047
10/22/2020 7:56:10 AM,-0.3493254,0.08933948,3.984416,0.04423965,0.9671418,-0.08909079
10/22/2020 7:56:10 AM,-0.3502543,0.08917386,3.983817,0.04215616,0.967253,-0.08977173
10/22/2020 7:56:10 AM,-0.3511339,0.08901276,3.98321,0.04045232,0.9673297,-0.09078758
10/22/2020 7:56:10 AM,-0.3520005,0.08908007,3.982557,0.03884272,0.9674005,-0.09156605
10/22/2020 7:56:10 AM,-0.352831,0.08906403,3.982095,0.03758857,0.9674614,-0.0921394
10/22/2020 7:56:10 AM,-0.353551,0.08890727,3.981467,0.03658744,0.9674962,-0.09268712
10/22/2020 7:56:10 AM,-0.3543581,0.08896452,3.981003,0.03563591,0.9675158,-0.09303431
10/22/2020 7:56:10 AM,-0.3551137,0.08891,3.980463,0.03492798,0.9675322,-0.09334975
10/22/2020 7:56:10 AM,-0.3559234,0.08893083,3.980043,0.03427938,0.9675289,-0.09362055
10/22/2020 7:56:10 AM,-0.3567041,0.08900673,3.979483,0.03368701,0.9675202,-0.09380926
10/22/2020 7:56:10 AM,-0.3574794,0.0890653,3.979019,0.0329804,0.967498,-0.09382181
10/22/2020 7:56:10 AM,-0.3581918,0.08914639,3.978444,0.03215746,0.9674484,-0.09365632
10/22/2020 7:56:10 AM,-0.3588809,0.08915585,3.977931,0.03112486,0.9674178,-0.09347866
10/22/2020 7:56:10 AM,-0.3595759,0.0889634,3.977405,0.03018313,0.9673778,-0.09354721
10/22/2020 7:56:10 AM,-0.3602693,0.08877242,3.976987,0.02926711,0.9672941,-0.09385674
10/22/2020 7:56:10 AM,-0.3610512,0.08869243,3.976485,0.02859469,0.9672024,-0.09449906
10/22/2020 7:56:10 AM,-0.3616129,0.08864264,3.976177,0.02780254,0.9671041,-0.09531256
10/22/2020 7:56:10 AM,-0.3626117,0.08888477,3.975565,0.02733158,0.9669172,-0.09596743
10/22/2020 7:56:10 AM,-0.3632023,0.08900667,3.975065,0.02684405,0.9669427,-0.09607794
10/22/2020 7:56:10 AM,-0.3636659,0.08863913,3.974741,0.02616927,0.9669044,-0.09628046
10/22/2020 7:56:10 AM,-0.3642928,0.08862236,3.974563,0.02546218,0.9667882,-0.09657719
10/22/2020 7:56:10 AM,-0.3648834,0.08863278,3.974089,0.02480776,0.9666997,-0.09690385
10/22/2020 7:56:10 AM,-0.3655149,0.08856775,3.973893,0.02438522,0.9665622,-0.09751061
10/22/2020 7:56:10 AM,-0.3662421,0.0885497,3.973657,0.02415315,0.9664249,-0.09834362
10/22/2020 7:56:10 AM,-0.3668604,0.08869661,3.973403,0.02382616,0.9663286,-0.09880821
10/22/2020 7:56:10 AM,-0.3674339,0.0887844,3.973158,0.02338588,0.9662427,-0.0991061
10/22/2020 7:56:10 AM,-0.3679765,0.08896936,3.972977,0.02294047,0.9661797,-0.09908783
10/22/2020 7:56:10 AM,-0.3685207,0.08905385,3.972731,0.02260986,0.9661239,-0.09871172
10/22/2020 7:56:10 AM,-0.3690214,0.08888578,3.97259,0.02245809,0.9660417,-0.09832764
10/22/2020 7:56:10 AM,-0.3694908,0.08901682,3.972347,0.02237947,0.9659118,-0.09815085
10/22/2020 7:56:10 AM,-0.370012,0.08905824,3.972165,0.02216891,0.965794,-0.09808555
10/22/2020 7:56:10 AM,-0.3704819,0.08921757,3.971702,0.02192675,0.9657093,-0.09801678
10/22/2020 7:56:10 AM,-0.3709123,0.08935771,3.971432,0.02140597,0.9656659,-0.09777172
10/22/2020 7:56:10 AM,-0.3711672,0.08944239,3.971112,0.02035362,0.9656318,-0.09771274
10/22/2020 7:56:10 AM,-0.3716532,0.0893392,3.970972,0.02010394,0.9655555,-0.09761035
10/22/2020 7:56:10 AM,-0.3718183,0.08916557,3.970677,0.01985072,0.9655718,-0.09761905
10/22/2020 7:56:10 AM,-0.3720689,0.08910681,3.970458,0.01965281,0.9655414,-0.09787817
10/22/2020 7:56:10 AM,-0.3724383,0.08918928,3.970171,0.0198655,0.965431,-0.09835835
10/22/2020 7:56:10 AM,-0.3726925,0.08926254,3.969982,0.02000647,0.9653589,-0.09856779
10/22/2020 7:56:10 AM,-0.3730112,0.08924186,3.969788,0.02029086,0.9652896,-0.09857074
10/22/2020 7:56:10 AM,-0.3732154,0.08921333,3.969563,0.02058564,0.9652115,-0.09846548
10/22/2020 7:56:10 AM,-0.3734618,0.08916801,3.969201,0.02068773,0.9651454,-0.09830976
10/22/2020 7:56:10 AM,-0.3736159,0.08915463,3.968858,0.02080322,0.9650863,-0.0981217
10/22/2020 7:56:11 AM,-0.3737897,0.08892205,3.96855,0.02102427,0.9649997,-0.09813914
10/22/2020 7:56:11 AM,-0.3739546,0.08879571,3.968316,0.02126979,0.9648913,-0.09832253
10/22/2020 7:56:11 AM,-0.3740961,0.08874388,3.967998,0.02157548,0.9647915,-0.09869779
10/22/2020 7:56:11 AM,-0.3742468,0.088489,3.967649,0.02194908,0.9646844,-0.09911285
10/22/2020 7:56:11 AM,-0.3743986,0.08832221,3.967263,0.02237983,0.9646187,-0.09967342
10/22/2020 7:56:11 AM,-0.3745956,0.0883353,3.967056,0.02274191,0.9645144,-0.1001847
10/22/2020 7:56:11 AM,-0.3747682,0.08819498,3.966664,0.0229813,0.9644569,-0.1005633
10/22/2020 7:56:11 AM,-0.3748893,0.08801417,3.966293,0.02305395,0.9644415,-0.1009568
10/22/2020 7:56:11 AM,-0.3750128,0.08781,3.966081,0.02321433,0.9643934,-0.1015001
10/22/2020 7:56:11 AM,-0.3751156,0.08776383,3.965823,0.0232589,0.9643588,-0.1020143
10/22/2020 7:56:11 AM,-0.3752439,0.08762201,3.965549,0.02334289,0.964321,-0.102384
10/22/2020 7:56:11 AM,-0.375222,0.08775532,3.965208,0.02332573,0.96433,-0.1024597
10/22/2020 7:56:11 AM,-0.3751664,0.08772898,3.964956,0.02312805,0.9643654,-0.1020609
10/22/2020 7:56:11 AM,-0.3750592,0.08755609,3.964743,0.02309106,0.9643344,-0.1019982
10/22/2020 7:56:11 AM,-0.3751599,0.08733204,3.964634,0.02336208,0.9641427,-0.1022448
10/22/2020 7:56:11 AM,-0.3751734,0.08710341,3.964492,0.02357126,0.9639512,-0.1027716
10/22/2020 7:56:11 AM,-0.375344,0.08663246,3.964322,0.02369625,0.9637211,-0.103447
10/22/2020 7:56:11 AM,-0.3755435,0.0863257,3.964303,0.0233793,0.9635019,-0.1044698
10/22/2020 7:56:11 AM,-0.3755946,0.08604004,3.964224,0.0231971,0.9633679,-0.1053818
10/22/2020 7:56:11 AM,-0.3754876,0.08569658,3.964219,0.0231089,0.963364,-0.1060653
10/22/2020 7:56:11 AM,-0.3755886,0.08590627,3.964054,0.0229845,0.963225,-0.1071319
10/22/2020 7:56:11 AM,-0.3755581,0.08557557,3.963696,0.02373349,0.96345,-0.1060855
10/22/2020 7:56:11 AM,-0.375671,0.08547111,3.963625,0.02385643,0.9635217,-0.1060754
10/22/2020 7:56:11 AM,-0.3757412,0.08521593,3.963543,0.02415719,0.9636199,-0.1057595
10/22/2020 7:56:11 AM,-0.375637,0.08487749,3.963277,0.02457847,0.9636733,-0.1057497
10/22/2020 7:56:11 AM,-0.3755298,0.08458981,3.963142,0.02518602,0.9636481,-0.1057783
10/22/2020 7:56:11 AM,-0.3756234,0.08431041,3.962953,0.02590953,0.9636137,-0.1056965
10/22/2020 7:56:11 AM,-0.375703,0.08426701,3.962668,0.02659748,0.9635445,-0.1059325
10/22/2020 7:56:11 AM,-0.3759552,0.08407016,3.962326,0.02736413,0.9634984,-0.1061525
10/22/2020 7:56:11 AM,-0.3760601,0.0840237,3.96205,0.02799428,0.9634264,-0.1064171
10/22/2020 7:56:11 AM,-0.3763682,0.08392988,3.961737,0.02845227,0.9633731,-0.1063676
10/22/2020 7:56:11 AM,-0.3764644,0.08388844,3.961376,0.02878,0.9633319,-0.1061921
10/22/2020 7:56:11 AM,-0.3766778,0.08393207,3.960906,0.02889016,0.9633206,-0.1057436
10/22/2020 7:56:11 AM,-0.3767911,0.08381858,3.960504,0.02906397,0.9632951,-0.1054051
10/22/2020 7:56:11 AM,-0.3770155,0.08357382,3.960103,0.02941574,0.9632573,-0.1050696
10/22/2020 7:56:11 AM,-0.3771353,0.08342269,3.959503,0.02975898,0.9632132,-0.1048066
10/22/2020 7:56:11 AM,-0.3774414,0.08327913,3.958998,0.03041987,0.9631548,-0.1046476
10/22/2020 7:56:11 AM,-0.3777059,0.08343346,3.958487,0.03096375,0.9630632,-0.1042573
10/22/2020 7:56:11 AM,-0.3778999,0.08337281,3.957884,0.03125216,0.9629648,-0.1039243
10/22/2020 7:56:11 AM,-0.3782232,0.08326484,3.957396,0.031612,0.9628397,-0.1036095
10/22/2020 7:56:11 AM,-0.3784876,0.08334824,3.956825,0.03197875,0.9626417,-0.1033935
10/22/2020 7:56:11 AM,-0.3789096,0.08342953,3.956069,0.03240856,0.9624454,-0.1028457
10/22/2020 7:56:11 AM,-0.3792002,0.08352023,3.955359,0.03263182,0.9622984,-0.1020189
10/22/2020 7:56:11 AM,-0.3795521,0.08355544,3.954473,0.03269077,0.9621645,-0.1010603
10/22/2020 7:56:11 AM,-0.3798236,0.08353141,3.953504,0.03220489,0.9621238,-0.1000404
10/22/2020 7:56:11 AM,-0.3801348,0.08357105,3.952701,0.03223015,0.9620389,-0.09935793
10/22/2020 7:56:11 AM,-0.3804277,0.08333492,3.951783,0.03229714,0.9619445,-0.098734
10/22/2020 7:56:11 AM,-0.3807976,0.08332175,3.950883,0.03238932,0.9617937,-0.09860153
10/22/2020 7:56:11 AM,-0.3811863,0.08301331,3.949982,0.03279401,0.9615516,-0.09899188
10/22/2020 7:56:11 AM,-0.3816743,0.08272848,3.949254,0.03317405,0.9613255,-0.09934166
10/22/2020 7:56:11 AM,-0.3820708,0.08245294,3.948328,0.03367047,0.9610794,-0.0998251
10/22/2020 7:56:11 AM,-0.3826659,0.08248649,3.947706,0.03414215,0.9607638,-0.1004332
10/22/2020 7:56:11 AM,-0.3830917,0.08240245,3.946744,0.03453357,0.9605021,-0.1007769
10/22/2020 7:56:11 AM,-0.3836924,0.08215499,3.946023,0.03502826,0.9602205,-0.1011103
10/22/2020 7:56:11 AM,-0.3841661,0.08205089,3.945279,0.03585286,0.9598653,-0.1011003
10/22/2020 7:56:11 AM,-0.3846182,0.08162556,3.944498,0.03683811,0.9594198,-0.1013446
10/22/2020 7:56:11 AM,-0.3850671,0.08139946,3.943641,0.03773296,0.958973,-0.1017718
10/22/2020 7:56:11 AM,-0.3854945,0.08125941,3.942739,0.03855086,0.9584687,-0.1019474
10/22/2020 7:56:11 AM,-0.3859773,0.08092166,3.94168,0.0395405,0.9580095,-0.1018908
10/22/2020 7:56:11 AM,-0.3864942,0.08040898,3.940726,0.04042622,0.9575743,-0.1014671
10/22/2020 7:56:11 AM,-0.3868574,0.07965636,3.939494,0.04106973,0.957196,-0.1010763
10/22/2020 7:56:12 AM,-0.3873585,0.07861392,3.938452,0.04197894,0.9567876,-0.1009425
10/22/2020 7:56:12 AM,-0.3878478,0.07748464,3.937289,0.04306112,0.9563276,-0.1014205
10/22/2020 7:56:12 AM,-0.388467,0.07652928,3.936267,0.04416256,0.9558511,-0.1016245
10/22/2020 7:56:12 AM,-0.388888,0.07562692,3.934957,0.04520146,0.9553728,-0.1018356
10/22/2020 7:56:12 AM,-0.3894976,0.07449216,3.933875,0.04620305,0.9548479,-0.1018692
10/22/2020 7:56:12 AM,-0.390014,0.07353683,3.932556,0.04696837,0.9542783,-0.1022862
10/22/2020 7:56:12 AM,-0.3906355,0.07275314,3.931329,0.04748865,0.9537317,-0.1026435
10/22/2020 7:56:12 AM,-0.3911509,0.07195212,3.929948,0.04762645,0.9532071,-0.1030672
10/22/2020 7:56:12 AM,-0.3915824,0.0715812,3.928678,0.04727131,0.9527621,-0.1036818
10/22/2020 7:56:12 AM,-0.3919664,0.07132017,3.927341,0.04644383,0.9523633,-0.104417
10/22/2020 7:56:12 AM,-0.3923622,0.07124643,3.926156,0.04548516,0.9520204,-0.1054939
10/22/2020 7:56:12 AM,-0.3925231,0.07130538,3.924954,0.04446609,0.9517368,-0.1069333
10/22/2020 7:56:12 AM,-0.3926122,0.07160616,3.92421,0.04343138,0.9514567,-0.108728
10/22/2020 7:56:12 AM,-0.3927113,0.07175119,3.92326,0.04273224,0.9511278,-0.1101418
10/22/2020 7:56:12 AM,-0.3927341,0.07218465,3.922495,0.04200201,0.9508442,-0.1113777
10/22/2020 7:56:12 AM,-0.392363,0.07242392,3.921886,0.04125366,0.9506313,-0.1124872
10/22/2020 7:56:12 AM,-0.3923684,0.07323617,3.920939,0.0414089,0.9504567,-0.1120791
10/22/2020 7:56:12 AM,-0.3919046,0.07391325,3.920278,0.04160682,0.9503312,-0.1115314
10/22/2020 7:56:12 AM,-0.3911987,0.07407507,3.919521,0.04205236,0.9501913,-0.1103238
10/22/2020 7:56:12 AM,-0.3905109,0.07438845,3.918653,0.04318225,0.9499322,-0.1086429
10/22/2020 7:56:12 AM,-0.3896,0.07446557,3.917419,0.04448884,0.9496766,-0.1070843
10/22/2020 7:56:12 AM,-0.388609,0.07447659,3.91621,0.04616746,0.9492521,-0.1058692
10/22/2020 7:56:12 AM,-0.3876298,0.0744009,3.914991,0.04787908,0.9487029,-0.1052152
10/22/2020 7:56:12 AM,-0.3863082,0.0744727,3.91337,0.04960409,0.9480272,-0.105672
10/22/2020 7:56:12 AM,-0.3849783,0.07462403,3.911985,0.05081199,0.947394,-0.1064225
10/22/2020 7:56:12 AM,-0.3834474,0.07473831,3.910397,0.05169244,0.9468027,-0.1068165
10/22/2020 7:56:12 AM,-0.3818431,0.07458454,3.908884,0.05252882,0.9461681,-0.1075747
10/22/2020 7:56:12 AM,-0.3798882,0.07455304,3.907288,0.05275015,0.9455962,-0.1082921
10/22/2020 7:56:12 AM,-0.3776632,0.07412284,3.905803,0.05271683,0.9450627,-0.1091849
10/22/2020 7:56:12 AM,-0.3750924,0.07389113,3.904195,0.0524323,0.9445719,-0.1102944
10/22/2020 7:56:12 AM,-0.3721753,0.07384999,3.902795,0.05160676,0.94423,-0.110965
10/22/2020 7:56:12 AM,-0.3688653,0.07325386,3.901358,0.05078251,0.944001,-0.111754
10/22/2020 7:56:12 AM,-0.3653232,0.07260238,3.900312,0.05036212,0.9437802,-0.113061
10/22/2020 7:56:12 AM,-0.3613562,0.07216504,3.899282,0.05046713,0.9435831,-0.1147344
10/22/2020 7:56:12 AM,-0.3563105,0.07165386,3.89736,0.05137938,0.9433598,-0.1166499
10/22/2020 7:56:12 AM,-0.3518659,0.07132304,3.896699,0.05206111,0.9430764,-0.1182014
10/22/2020 7:56:12 AM,-0.3470885,0.07094171,3.896502,0.05306863,0.9428241,-0.1194934
10/22/2020 7:56:12 AM,-0.3418837,0.07074726,3.896537,0.05444648,0.9425643,-0.1199633
10/22/2020 7:56:12 AM,-0.3366618,0.07066636,3.896515,0.05514405,0.9423688,-0.1202165
10/22/2020 7:56:12 AM,-0.3309276,0.07021813,3.896664,0.0554783,0.9422675,-0.1196398
10/22/2020 7:56:12 AM,-0.3249291,0.06982802,3.896907,0.05538967,0.9423312,-0.1187939
10/22/2020 7:56:12 AM,-0.3184353,0.06960091,3.897384,0.0549969,0.9425718,-0.1174431
10/22/2020 7:56:12 AM,-0.3119045,0.06919403,3.898143,0.05486356,0.9427857,-0.1164145
10/22/2020 7:56:12 AM,-0.3056205,0.06903839,3.899809,0.05493712,0.9429621,-0.11547
10/22/2020 7:56:12 AM,-0.2983617,0.06904825,3.90068,0.05499602,0.943336,-0.1137214
10/22/2020 7:56:12 AM,-0.2906021,0.06913533,3.902031,0.05474522,0.9438506,-0.1105912
10/22/2020 7:56:12 AM,-0.2827986,0.06902782,3.903303,0.05467056,0.9443926,-0.1075501
10/22/2020 7:56:12 AM,-0.2746477,0.06876194,3.904765,0.05496834,0.9448215,-0.1043263
10/22/2020 7:56:12 AM,-0.2663118,0.06836724,3.906358,0.05530214,0.9453205,-0.1011287
10/22/2020 7:56:12 AM,-0.2576015,0.0674554,3.908239,0.05629048,0.9456256,-0.0988925
10/22/2020 7:56:12 AM,-0.249183,0.0667262,3.910454,0.05736637,0.945946,-0.09694083
10/22/2020 7:56:12 AM,-0.2403343,0.06538118,3.912954,0.05873218,0.9460426,-0.09688175
10/22/2020 7:56:12 AM,-0.2316475,0.06476594,3.915667,0.0599234,0.9462261,-0.09701454
10/22/2020 7:56:12 AM,-0.2224034,0.06424903,3.918205,0.06072771,0.9466323,-0.09692693
10/22/2020 7:56:12 AM,-0.2129616,0.06405345,3.921224,0.06118573,0.9470557,-0.09639163
10/22/2020 7:56:12 AM,-0.2032922,0.0637555,3.923955,0.06215798,0.9474425,-0.09470768
10/22/2020 7:56:12 AM,-0.1937401,0.06338023,3.927021,0.06295546,0.9480473,-0.09330371
10/22/2020 7:56:12 AM,-0.1838392,0.06354338,3.930036,0.06371523,0.9485818,-0.09221236
10/22/2020 7:56:12 AM,-0.173809,0.06424515,3.932933,0.063807,0.9492366,-0.09153873
10/22/2020 7:56:12 AM,-0.1642056,0.06515363,3.935623,0.06415248,0.9499974,-0.09159081
10/22/2020 7:56:13 AM,-0.1542478,0.06604476,3.938175,0.06492659,0.9506523,-0.09172443
10/22/2020 7:56:13 AM,-0.1444441,0.06686915,3.94073,0.06578849,0.9514867,-0.09177268
10/22/2020 7:56:13 AM,-0.1346966,0.06624447,3.943078,0.06742307,0.9523324,-0.09183836
10/22/2020 7:56:13 AM,-0.1258924,0.06618293,3.944911,0.07086246,0.9529511,-0.09145238
10/22/2020 7:56:13 AM,-0.1165528,0.06627987,3.94621,0.07331834,0.9537365,-0.09138502
10/22/2020 7:56:13 AM,-0.1071981,0.06711404,3.946953,0.07624967,0.9547226,-0.09243938
10/22/2020 7:56:13 AM,-0.09818152,0.06797302,3.947742,0.07990526,0.955625,-0.09384347
10/22/2020 7:56:13 AM,-0.09007388,0.06809212,3.94873,0.08582316,0.9560488,-0.09691528
10/22/2020 7:56:13 AM,-0.08203298,0.06796528,3.949463,0.09102453,0.9563083,-0.09956136
10/22/2020 7:56:13 AM,-0.07443124,0.06864959,3.949566,0.09525864,0.9566861,-0.1026539
10/22/2020 7:56:13 AM,-0.06701306,0.06973533,3.949382,0.09596365,0.9576882,-0.1049819
10/22/2020 7:56:13 AM,-0.05937753,0.06989944,3.949202,0.09420358,0.9592828,-0.1067752
10/22/2020 7:56:13 AM,-0.05164229,0.06968445,3.948956,0.09250099,0.9610528,-0.1084278
10/22/2020 7:56:13 AM,-0.04421936,0.06899047,3.948913,0.0924743,0.962592,-0.11025
10/22/2020 7:56:13 AM,-0.03688357,0.06803717,3.948666,0.09410013,0.9638345,-0.1130761
10/22/2020 7:56:13 AM,-0.0298709,0.06753065,3.948632,0.09668988,0.9647071,-0.1163533
10/22/2020 7:56:13 AM,-0.0226211,0.06756435,3.948545,0.09928238,0.9653568,-0.1192905
10/22/2020 7:56:13 AM,-0.01531608,0.06761082,3.947959,0.101087,0.9660597,-0.1213078
10/22/2020 7:56:13 AM,-0.007798754,0.06807564,3.947278,0.1026388,0.9666206,-0.1223819
10/22/2020 7:56:13 AM,-0.0002053594,0.06891739,3.946543,0.1038261,0.96711,-0.1228325
10/22/2020 7:56:13 AM,0.007154821,0.06839936,3.945524,0.1052179,0.9674774,-0.1229516
10/22/2020 7:56:13 AM,0.01411596,0.06798202,3.944715,0.1067097,0.9675117,-0.1231644
10/22/2020 7:56:13 AM,0.02113749,0.06797874,3.943298,0.1073714,0.9676902,-0.1240203
10/22/2020 7:56:13 AM,0.02849901,0.06776682,3.941809,0.1080178,0.96801,-0.1247567
10/22/2020 7:56:13 AM,0.03533323,0.0675168,3.940065,0.1083747,0.9683569,-0.1248092
10/22/2020 7:56:13 AM,0.04243584,0.06731309,3.938068,0.1090649,0.9688178,-0.1248277
10/22/2020 7:56:13 AM,0.04944246,0.0668484,3.93572,0.1097971,0.9693424,-0.1244884
10/22/2020 7:56:13 AM,0.05633181,0.06610003,3.933342,0.1108787,0.9698735,-0.1240789
10/22/2020 7:56:13 AM,0.06305963,0.06530252,3.930695,0.1120193,0.970441,-0.1239973
10/22/2020 7:56:13 AM,0.06992629,0.06468676,3.928045,0.1127779,0.9709674,-0.1239412
10/22/2020 7:56:13 AM,0.07687986,0.06383662,3.924967,0.1129937,0.9716279,-0.1239008
10/22/2020 7:56:13 AM,0.0838805,0.06277552,3.921922,0.113484,0.9721646,-0.1236642
10/22/2020 7:56:13 AM,0.09082446,0.06184253,3.918601,0.1142912,0.9725497,-0.1235696
10/22/2020 7:56:13 AM,0.09773444,0.06068768,3.915035,0.1154305,0.9728395,-0.1233801
10/22/2020 7:56:13 AM,0.1044993,0.05940111,3.911362,0.1165455,0.9729822,-0.1236369
10/22/2020 7:56:13 AM,0.1113277,0.05844778,3.907424,0.117731,0.9730154,-0.1236497
10/22/2020 7:56:13 AM,0.1180101,0.05783919,3.902912,0.1179873,0.9732133,-0.1232098
10/22/2020 7:56:13 AM,0.1248532,0.05657341,3.898402,0.1178268,0.9734418,-0.1230472
10/22/2020 7:56:13 AM,0.1312536,0.05537339,3.893792,0.1177193,0.973605,-0.1229221
10/22/2020 7:56:13 AM,0.1376801,0.05463713,3.888807,0.1163038,0.9738777,-0.1232567
10/22/2020 7:56:13 AM,0.1441666,0.05407545,3.883631,0.1148543,0.9742894,-0.1231932
10/22/2020 7:56:13 AM,0.1507749,0.05325862,3.878397,0.1131493,0.9747955,-0.1223512
10/22/2020 7:56:13 AM,0.1569676,0.05204965,3.87313,0.1114911,0.9753,-0.1205842
10/22/2020 7:56:13 AM,0.1629609,0.05069439,3.867774,0.1097433,0.975814,-0.1184891
10/22/2020 7:56:13 AM,0.1687443,0.0498374,3.862082,0.1075266,0.9763627,-0.1169389
10/22/2020 7:56:13 AM,0.1746049,0.04970843,3.856601,0.1045479,0.9770999,-0.1148242
10/22/2020 7:56:13 AM,0.1802823,0.04885072,3.851315,0.1016135,0.9777523,-0.1132089
10/22/2020 7:56:13 AM,0.1860001,0.04848306,3.845948,0.09898765,0.9783236,-0.1111464
10/22/2020 7:56:13 AM,0.191736,0.04960957,3.840387,0.09563229,0.9787996,-0.1098704
10/22/2020 7:56:13 AM,0.1990973,0.05619188,3.833563,0.08799976,0.9799091,-0.1072031
10/22/2020 7:56:13 AM,0.2058641,0.05638639,3.827827,0.08192608,0.981073,-0.1030831
10/22/2020 7:56:13 AM,0.2128468,0.05772563,3.822888,0.08078646,0.9811461,-0.1029181
10/22/2020 7:56:13 AM,0.2196721,0.06249267,3.817625,0.07601494,0.981439,-0.1026775
10/22/2020 7:56:13 AM,0.2265818,0.06378736,3.811786,0.072087,0.9819303,-0.1027576
10/22/2020 7:56:13 AM,0.2337387,0.06606647,3.80739,0.07148243,0.9820314,-0.104178
10/22/2020 7:56:13 AM,0.2410484,0.06855027,3.803019,0.07206643,0.9820026,-0.1044112
10/22/2020 7:56:13 AM,0.2479213,0.07071848,3.798275,0.07329772,0.9819518,-0.1034221
10/22/2020 7:56:13 AM,0.2541029,0.07186149,3.793454,0.07453834,0.9821569,-0.09952796
10/22/2020 7:56:13 AM,0.260283,0.07239871,3.788361,0.07430549,0.9827234,-0.0955753
10/22/2020 7:56:13 AM,0.2658803,0.07188396,3.783172,0.07363113,0.983766,-0.0916255
10/22/2020 7:56:14 AM,0.2713824,0.07221593,3.776534,0.07584055,0.9854814,-0.08627851
10/22/2020 7:56:14 AM,0.2787292,0.07077973,3.770892,0.08146197,0.9872583,-0.08158398
10/22/2020 7:56:14 AM,0.2858994,0.06958713,3.765922,0.08669989,0.9880677,-0.0771725
10/22/2020 7:56:14 AM,0.2945126,0.06876662,3.760607,0.0914695,0.9883174,-0.0767542
10/22/2020 7:56:14 AM,0.3027705,0.06685787,3.75597,0.09652892,0.9871727,-0.08148579
10/22/2020 7:56:14 AM,0.3104757,0.06605211,3.7508,0.09933692,0.9866772,-0.08389346
10/22/2020 7:56:14 AM,0.3172225,0.06684311,3.745304,0.1003532,0.9856659,-0.08855146
10/22/2020 7:56:14 AM,0.3240755,0.06772706,3.739518,0.09865094,0.9850649,-0.09379304
10/22/2020 7:56:14 AM,0.3302063,0.06702693,3.73465,0.09871257,0.9845456,-0.09732216
10/22/2020 7:56:14 AM,0.3364898,0.06653735,3.729593,0.1000094,0.9841087,-0.1004256
10/22/2020 7:56:14 AM,0.342063,0.06595441,3.724882,0.1012888,0.9838086,-0.1036252
10/22/2020 7:56:14 AM,0.3476486,0.06521341,3.720325,0.1031045,0.9836312,-0.1065404
10/22/2020 7:56:14 AM,0.3537952,0.06525385,3.716726,0.1039409,0.9835531,-0.1092243
10/22/2020 7:56:14 AM,0.3598796,0.06459548,3.712992,0.1046477,0.9833366,-0.1115633
10/22/2020 7:56:14 AM,0.3660266,0.06431112,3.7096,0.1043034,0.9831758,-0.1134275
10/22/2020 7:56:14 AM,0.3722302,0.06402333,3.706395,0.1026198,0.9831333,-0.1143874
10/22/2020 7:56:14 AM,0.3784965,0.06367948,3.703128,0.101015,0.9831173,-0.1156999
10/22/2020 7:56:14 AM,0.3851829,0.06276834,3.699753,0.09905866,0.9830738,-0.1171557
10/22/2020 7:56:14 AM,0.3916304,0.06200106,3.697236,0.09813219,0.9829296,-0.118399
10/22/2020 7:56:14 AM,0.3983004,0.06189863,3.694364,0.09823652,0.9827719,-0.1194009
10/22/2020 7:56:14 AM,0.4047976,0.06173065,3.691691,0.09897274,0.9826946,-0.12011
10/22/2020 7:56:14 AM,0.4113109,0.06131584,3.689126,0.09964669,0.9825894,-0.1221292
10/22/2020 7:56:14 AM,0.4182853,0.06040903,3.687102,0.1010849,0.982573,-0.1240052
10/22/2020 7:56:14 AM,0.4250696,0.05955564,3.685174,0.1017177,0.9824466,-0.1258897
10/22/2020 7:56:14 AM,0.4320683,0.05878371,3.683594,0.1023352,0.9822767,-0.1282453
10/22/2020 7:56:14 AM,0.4389238,0.05833868,3.681962,0.1025393,0.9821826,-0.1304111
10/22/2020 7:56:14 AM,0.4458852,0.0577705,3.68092,0.1019803,0.9822726,-0.1320766
10/22/2020 7:56:14 AM,0.4531503,0.05674801,3.679912,0.1005268,0.982552,-0.133304
10/22/2020 7:56:14 AM,0.460812,0.05584609,3.678987,0.09879944,0.9828806,-0.1341979
10/22/2020 7:56:14 AM,0.4682003,0.05486109,3.678054,0.09759764,0.9831835,-0.1347975
10/22/2020 7:56:14 AM,0.4760748,0.05328419,3.677746,0.09729563,0.9835495,-0.1347438
10/22/2020 7:56:14 AM,0.4840466,0.05213234,3.677743,0.09694015,0.9838004,-0.1354825
10/22/2020 7:56:14 AM,0.4922255,0.0509012,3.678116,0.09626552,0.9839965,-0.1364838
10/22/2020 7:56:14 AM,0.5004759,0.04964838,3.678691,0.09535564,0.9841383,-0.1376901
10/22/2020 7:56:14 AM,0.5088996,0.04905714,3.679743,0.09368956,0.9843339,-0.1385898
10/22/2020 7:56:14 AM,0.5170216,0.0485686,3.680676,0.09253185,0.9845825,-0.1390295
10/22/2020 7:56:14 AM,0.5254157,0.04803303,3.682097,0.09187497,0.9848527,-0.1392936
10/22/2020 7:56:14 AM,0.5338664,0.04787997,3.683817,0.09147604,0.9850282,-0.1400567
10/22/2020 7:56:14 AM,0.5426309,0.04756838,3.685966,0.09171,0.9852445,-0.1399899
10/22/2020 7:56:14 AM,0.5516416,0.04781346,3.688201,0.09029509,0.9854505,-0.1408034
10/22/2020 7:56:14 AM,0.5609905,0.04828188,3.690969,0.08863668,0.9857382,-0.1408599
10/22/2020 7:56:14 AM,0.5701548,0.04866558,3.693643,0.08669369,0.986045,-0.1407007
10/22/2020 7:56:14 AM,0.5794593,0.04880255,3.696885,0.0844777,0.9864109,-0.1400878
10/22/2020 7:56:14 AM,0.5888067,0.04915114,3.699625,0.08149816,0.9867452,-0.1399873
10/22/2020 7:56:14 AM,0.5987995,0.05009558,3.702899,0.07755752,0.9871324,-0.1397905
10/22/2020 7:56:14 AM,0.6089805,0.05001638,3.706228,0.07435115,0.9872597,-0.1406427
10/22/2020 7:56:14 AM,0.6193666,0.05000454,3.710676,0.07200535,0.9872544,-0.1416443
10/22/2020 7:56:14 AM,0.6298371,0.05167486,3.713883,0.06911681,0.9871621,-0.143183
10/22/2020 7:56:14 AM,0.6410881,0.05316971,3.717481,0.06620847,0.9870749,-0.1441783
10/22/2020 7:56:14 AM,0.6526321,0.05392678,3.72139,0.06496881,0.986802,-0.1453867
10/22/2020 7:56:14 AM,0.6646254,0.05573054,3.725397,0.06539162,0.9864886,-0.146202
10/22/2020 7:56:14 AM,0.6760281,0.05787253,3.728462,0.06616604,0.9863361,-0.1460828
10/22/2020 7:56:14 AM,0.6877294,0.0605472,3.731426,0.06610579,0.9860731,-0.1468862
10/22/2020 7:56:14 AM,0.6992612,0.06214897,3.73425,0.06681235,0.9858336,-0.1473789
10/22/2020 7:56:14 AM,0.7105935,0.0629361,3.737628,0.06944359,0.9855047,-0.1482474
10/22/2020 7:56:14 AM,0.7219845,0.06469826,3.740436,0.06936602,0.9855638,-0.148516
10/22/2020 7:56:14 AM,0.7319952,0.06550248,3.743009,0.06733831,0.9860387,-0.1471591
10/22/2020 7:56:14 AM,0.7420033,0.06609377,3.745026,0.06491879,0.9864051,-0.1458979
10/22/2020 7:56:14 AM,0.7523493,0.06650259,3.746747,0.0618594,0.9868338,-0.1440657
10/22/2020 7:56:15 AM,0.7628946,0.06626901,3.748015,0.06097319,0.9869432,-0.1431841
10/22/2020 7:56:15 AM,0.77311,0.06650632,3.748989,0.06023661,0.9869788,-0.1428152
10/22/2020 7:56:15 AM,0.7834538,0.06688292,3.750104,0.0595759,0.986977,-0.1425709
10/22/2020 7:56:15 AM,0.7930764,0.06668591,3.750906,0.06035566,0.9868013,-0.1426401
10/22/2020 7:56:15 AM,0.8027409,0.06657943,3.751099,0.06213637,0.9863921,-0.1434163
10/22/2020 7:56:15 AM,0.812692,0.06713806,3.751104,0.06355803,0.9859731,-0.144452
10/22/2020 7:56:15 AM,0.8223933,0.06737727,3.751153,0.06560991,0.9855171,-0.1456652
10/22/2020 7:56:15 AM,0.8320326,0.06805827,3.750691,0.06789988,0.9849524,-0.1479274
10/22/2020 7:56:15 AM,0.841262,0.06779069,3.750463,0.06940854,0.9845507,-0.1497034
10/22/2020 7:56:15 AM,0.8504951,0.06734058,3.750006,0.07088874,0.9841689,-0.1514087
10/22/2020 7:56:15 AM,0.8597856,0.06666288,3.749536,0.07177787,0.983936,-0.1528814
10/22/2020 7:56:15 AM,0.8684387,0.06621769,3.748546,0.07142109,0.9839075,-0.1539995
10/22/2020 7:56:15 AM,0.8769226,0.06551547,3.747342,0.07095889,0.9838488,-0.1546446
10/22/2020 7:56:15 AM,0.8853375,0.06472466,3.745842,0.07092392,0.9837834,-0.1549145
10/22/2020 7:56:15 AM,0.8936663,0.06397866,3.7442,0.07093839,0.9836499,-0.1553398
10/22/2020 7:56:15 AM,0.9020229,0.06274594,3.742354,0.07117905,0.9834468,-0.1560174
10/22/2020 7:56:15 AM,0.9103693,0.06170048,3.740432,0.07127145,0.9832345,-0.156759
10/22/2020 7:56:15 AM,0.9183335,0.06041767,3.73803,0.07101753,0.9831037,-0.1572254
10/22/2020 7:56:15 AM,0.9260166,0.05935086,3.735557,0.07044076,0.9829992,-0.1575306
10/22/2020 7:56:15 AM,0.9338261,0.05810813,3.732974,0.06939311,0.982954,-0.1574151
10/22/2020 7:56:15 AM,0.9410051,0.05751111,3.729909,0.06819503,0.9829118,-0.1568565
10/22/2020 7:56:15 AM,0.948212,0.05671993,3.726661,0.0672961,0.9828598,-0.1559793
10/22/2020 7:56:15 AM,0.9551027,0.05647282,3.723071,0.06495969,0.983062,-0.153825
10/22/2020 7:56:15 AM,0.9622452,0.05603402,3.71929,0.06199584,0.9834626,-0.1502023
10/22/2020 7:56:15 AM,0.9692937,0.05477207,3.715744,0.05927617,0.9837806,-0.1471242
10/22/2020 7:56:15 AM,0.9767417,0.0527363,3.712048,0.05587776,0.9841397,-0.1444952
10/22/2020 7:56:15 AM,0.9837449,0.05121577,3.70801,0.052584,0.9843633,-0.1429537
10/22/2020 7:56:15 AM,0.9899233,0.0498077,3.703646,0.04972263,0.9844764,-0.1420169
10/22/2020 7:56:15 AM,0.9952562,0.04939657,3.698924,0.04562328,0.9844512,-0.1415947
10/22/2020 7:56:15 AM,1.000842,0.04866205,3.694155,0.04226391,0.9843782,-0.1403694
10/22/2020 7:56:15 AM,1.006028,0.04797511,3.689324,0.0390204,0.9843884,-0.1384535
10/22/2020 7:56:15 AM,1.011014,0.04714985,3.684027,0.03491288,0.9844112,-0.1356555
10/22/2020 7:56:15 AM,1.015603,0.04588585,3.678847,0.03086753,0.9844422,-0.1323277
10/22/2020 7:56:15 AM,1.020074,0.04445843,3.673708,0.02652897,0.9843629,-0.1293654
10/22/2020 7:56:15 AM,1.0246,0.04373436,3.668047,0.020957,0.9841388,-0.1266872
10/22/2020 7:56:15 AM,1.029843,0.04271447,3.662887,0.01513751,0.9840757,-0.1239689
10/22/2020 7:56:15 AM,1.034475,0.04378504,3.657679,0.009150631,0.9841655,-0.1211432
10/22/2020 7:56:15 AM,1.038409,0.04470419,3.652253,0.003370289,0.984151,-0.1168303
10/22/2020 7:56:15 AM,1.042692,0.04652645,3.646729,-0.002279417,0.9835472,-0.1135276
10/22/2020 7:56:15 AM,1.047757,0.04929888,3.640913,-0.00856473,0.9827363,-0.1116914
10/22/2020 7:56:15 AM,1.054407,0.05136876,3.635461,-0.01213426,0.9814691,-0.1136043
10/22/2020 7:56:15 AM,1.060835,0.05367854,3.630212,-0.01191135,0.9805017,-0.1170495
10/22/2020 7:56:15 AM,1.067357,0.05809905,3.624882,-0.01604767,0.9800247,-0.1181589
10/22/2020 7:56:15 AM,1.07295,0.05969819,3.62004,-0.01924079,0.9799424,-0.1184388
10/22/2020 7:56:15 AM,1.078524,0.06199805,3.615372,-0.02321221,0.9795886,-0.1181123
10/22/2020 7:56:15 AM,1.08445,0.06302305,3.611026,-0.02636243,0.979066,-0.1175525
10/22/2020 7:56:15 AM,1.090073,0.0642221,3.606798,-0.0287514,0.9786867,-0.1164008
10/22/2020 7:56:15 AM,1.096366,0.06547204,3.602334,-0.03190798,0.9784237,-0.1139263
10/22/2020 7:56:15 AM,1.102998,0.06607516,3.597541,-0.03595944,0.9788467,-0.1084669
10/22/2020 7:56:15 AM,1.109676,0.06702615,3.592765,-0.04041174,0.9791908,-0.1032793
10/22/2020 7:56:15 AM,1.117383,0.06712465,3.587235,-0.04458144,0.9801876,-0.09610777
10/22/2020 7:56:15 AM,1.124169,0.0667761,3.581998,-0.04540504,0.9805115,-0.09259678
10/22/2020 7:56:15 AM,1.130976,0.06668608,3.576975,-0.04566106,0.980592,-0.09040307
10/22/2020 7:56:15 AM,1.137144,0.0662577,3.572569,-0.04463738,0.9801024,-0.0918663
10/22/2020 7:56:15 AM,1.143345,0.06864522,3.567734,-0.04487963,0.9791326,-0.09307536
10/22/2020 7:56:15 AM,1.150236,0.0705924,3.562527,-0.04586946,0.9781375,-0.09377217
10/22/2020 7:56:15 AM,1.157153,0.07248405,3.557717,-0.04520338,0.9776528,-0.09367596
10/22/2020 7:56:15 AM,1.163277,0.07437532,3.553029,-0.04233671,0.9773785,-0.09303407
10/22/2020 7:56:15 AM,1.168812,0.07433073,3.548391,-0.03941157,0.9766389,-0.09343307
10/22/2020 7:56:15 AM,1.174966,0.07394816,3.544508,-0.03651153,0.9756331,-0.0960224
10/22/2020 7:56:16 AM,1.180826,0.07395306,3.541407,-0.0349643,0.9748135,-0.09846284
10/22/2020 7:56:16 AM,1.186337,0.07457161,3.53811,-0.03624324,0.9741719,-0.09942207
10/22/2020 7:56:16 AM,1.191963,0.07512407,3.534723,-0.03588651,0.9736065,-0.09906068
10/22/2020 7:56:16 AM,1.197387,0.07529995,3.531305,-0.03547595,0.9729035,-0.09702402
10/22/2020 7:56:16 AM,1.203378,0.07481994,3.528425,-0.0344393,0.9719249,-0.0952636
10/22/2020 7:56:16 AM,1.21067,0.0745095,3.525727,-0.03319561,0.9707384,-0.09601323
10/22/2020 7:56:16 AM,1.217746,0.07503775,3.524162,-0.02974975,0.970184,-0.09556668
10/22/2020 7:56:16 AM,1.223706,0.07639426,3.522326,-0.02792635,0.9695935,-0.09239477
10/22/2020 7:56:16 AM,1.229073,0.07875146,3.520606,-0.02794045,0.9684455,-0.08600523
10/22/2020 7:56:16 AM,1.235273,0.07803646,3.518665,-0.02545905,0.9659953,-0.07918419
10/22/2020 7:56:16 AM,1.242417,0.07827194,3.517156,-0.02293352,0.9634689,-0.07618468
10/22/2020 7:56:16 AM,1.249783,0.07861209,3.516179,-0.02038931,0.9612001,-0.07465264
10/22/2020 7:56:16 AM,1.257749,0.07955411,3.515549,-0.01815213,0.9590524,-0.07386551
10/22/2020 7:56:16 AM,1.265998,0.08137903,3.515242,-0.01681025,0.9574378,-0.07228575
10/22/2020 7:56:16 AM,1.273806,0.08168121,3.514954,-0.01469087,0.9557977,-0.07013166
10/22/2020 7:56:16 AM,1.281798,0.08198418,3.515044,-0.012068,0.9540366,-0.06833668
10/22/2020 7:56:16 AM,1.290193,0.08256458,3.515538,-0.009915899,0.9520562,-0.06712905
10/22/2020 7:56:16 AM,1.299113,0.08237825,3.515762,-0.008050492,0.9499419,-0.06638413
10/22/2020 7:56:16 AM,1.308146,0.0826657,3.516123,-0.006343334,0.947979,-0.06651352
10/22/2020 7:56:16 AM,1.318051,0.08370701,3.516205,-0.006089768,0.9463048,-0.06664507
10/22/2020 7:56:16 AM,1.328186,0.08367958,3.516514,-0.006567351,0.9449406,-0.06738394
10/22/2020 7:56:16 AM,1.338552,0.08288387,3.51667,-0.005032847,0.9439054,-0.06825748
10/22/2020 7:56:16 AM,1.349031,0.0818432,3.516842,-0.003375008,0.9434175,-0.06908976
10/22/2020 7:56:16 AM,1.359124,0.08206042,3.517361,-0.002363539,0.9433734,-0.07054903
10/22/2020 7:56:16 AM,1.368346,0.08160037,3.518087,-0.00187984,0.9428452,-0.07027678
10/22/2020 7:56:16 AM,1.378622,0.08101218,3.518826,-0.00216449,0.9417765,-0.07114089
10/22/2020 7:56:16 AM,1.388835,0.08035851,3.519801,-0.002206476,0.9405805,-0.07213783
10/22/2020 7:56:16 AM,1.399647,0.07989591,3.52061,-0.003485496,0.9391892,-0.07316181
10/22/2020 7:56:16 AM,1.410326,0.0793685,3.521443,-0.003880208,0.9378372,-0.07526303
10/22/2020 7:56:16 AM,1.42146,0.08038515,3.522498,-0.004554173,0.9366896,-0.07667602
10/22/2020 7:56:16 AM,1.432235,0.08112101,3.523518,-0.004870087,0.9356776,-0.07682212
10/22/2020 7:56:16 AM,1.442886,0.08193043,3.524565,-0.005201433,0.9347441,-0.07556708
10/22/2020 7:56:16 AM,1.453245,0.08300281,3.525413,-0.007048431,0.9335335,-0.07292631
10/22/2020 7:56:16 AM,1.463929,0.08329669,3.52628,-0.006815388,0.9321627,-0.07067103
10/22/2020 7:56:16 AM,1.473891,0.08533528,3.526853,-0.006923047,0.9307454,-0.06828687
10/22/2020 7:56:16 AM,1.484029,0.08615474,3.52753,-0.006030194,0.9293993,-0.06725436
10/22/2020 7:56:16 AM,1.494113,0.0874159,3.528874,-0.003638383,0.9284361,-0.06720037
10/22/2020 7:56:16 AM,1.503424,0.08941003,3.530033,-0.0007197717,0.9275076,-0.06715371
10/22/2020 7:56:16 AM,1.511709,0.09181241,3.531185,0.002211496,0.9267367,-0.06570389
10/22/2020 7:56:16 AM,1.5208,0.09334946,3.532378,0.003949848,0.9257942,-0.06424712
10/22/2020 7:56:16 AM,1.528984,0.0939714,3.533619,0.005904906,0.9250897,-0.06224484
10/22/2020 7:56:16 AM,1.537146,0.09398738,3.535035,0.00804297,0.924723,-0.06060257
10/22/2020 7:56:16 AM,1.544671,0.0942377,3.537108,0.0100345,0.9245698,-0.06068674
10/22/2020 7:56:16 AM,1.551826,0.09425656,3.538976,0.01081169,0.9241873,-0.06176932
10/22/2020 7:56:16 AM,1.558723,0.09386595,3.541404,0.01155862,0.9236192,-0.06390008
10/22/2020 7:56:16 AM,1.565674,0.09404701,3.544303,0.01242481,0.9231341,-0.06655228
10/22/2020 7:56:16 AM,1.572429,0.09405394,3.546944,0.01368186,0.9227124,-0.06736671
10/22/2020 7:56:16 AM,1.578692,0.09374107,3.55015,0.01469262,0.9224271,-0.06765938
10/22/2020 7:56:16 AM,1.5845,0.09378228,3.553228,0.0148652,0.922049,-0.06756704
10/22/2020 7:56:16 AM,1.59013,0.09434509,3.556402,0.01425651,0.9216934,-0.06602147
10/22/2020 7:56:16 AM,1.595695,0.09432101,3.559344,0.0136704,0.9213256,-0.06426126
10/22/2020 7:56:16 AM,1.600805,0.0946853,3.562373,0.01460405,0.9211037,-0.06324238
10/22/2020 7:56:16 AM,1.605328,0.0950875,3.565847,0.01806724,0.9216259,-0.06241332
10/22/2020 7:56:16 AM,1.609168,0.09556487,3.569628,0.02126283,0.9220464,-0.06276599
10/22/2020 7:56:16 AM,1.612888,0.09611779,3.573573,0.02466439,0.9224873,-0.06310603
10/22/2020 7:56:16 AM,1.615429,0.09655406,3.578378,0.02898944,0.9231875,-0.06405511
10/22/2020 7:56:16 AM,1.617781,0.09711304,3.583269,0.03184691,0.9238006,-0.06457707
10/22/2020 7:56:16 AM,1.620004,0.09757326,3.588299,0.03308311,0.9243209,-0.06469493
10/22/2020 7:56:16 AM,1.621952,0.09792289,3.593304,0.03263744,0.9248618,-0.06436122
10/22/2020 7:56:16 AM,1.623494,0.09771961,3.598333,0.03085663,0.9254417,-0.06389383
10/22/2020 7:56:16 AM,1.625097,0.09721991,3.603436,0.02866987,0.9261469,-0.0636517
10/22/2020 7:56:17 AM,1.626183,0.09680629,3.608546,0.02659343,0.9268048,-0.06370819
10/22/2020 7:56:17 AM,1.627104,0.09619086,3.613546,0.02490175,0.927494,-0.06433859
10/22/2020 7:56:17 AM,1.627715,0.09527016,3.618696,0.02334403,0.9280587,-0.06607118
10/22/2020 7:56:17 AM,1.628415,0.09466632,3.623712,0.02228107,0.9285342,-0.06839706
10/22/2020 7:56:17 AM,1.62885,0.09350276,3.628969,0.02107153,0.9289495,-0.07246526
10/22/2020 7:56:17 AM,1.629495,0.09226357,3.63438,0.02037398,0.9293138,-0.07732347
10/22/2020 7:56:17 AM,1.629687,0.09161898,3.639679,0.01998494,0.9296269,-0.08351638
10/22/2020 7:56:17 AM,1.629658,0.09048034,3.645018,0.02165599,0.9297219,-0.08955414
10/22/2020 7:56:17 AM,1.629388,0.08931233,3.650427,0.02460703,0.9294306,-0.0963062
10/22/2020 7:56:17 AM,1.629588,0.08691078,3.655867,0.02693943,0.928749,-0.1050312
10/22/2020 7:56:17 AM,1.629902,0.08479153,3.661438,0.02732905,0.9287722,-0.1126782
10/22/2020 7:56:17 AM,1.630567,0.08208658,3.66737,0.02591084,0.9290609,-0.1226555
10/22/2020 7:56:17 AM,1.630889,0.08115905,3.673419,0.02278552,0.9294845,-0.1342893
10/22/2020 7:56:17 AM,1.631154,0.08062727,3.679564,0.02028375,0.9300727,-0.1437873
10/22/2020 7:56:17 AM,1.631081,0.07992688,3.685361,0.01918654,0.9306888,-0.1505446
10/22/2020 7:56:17 AM,1.631285,0.07971704,3.69111,0.0187136,0.9314167,-0.1556458
10/22/2020 7:56:17 AM,1.630716,0.07844709,3.696918,0.0198194,0.9329616,-0.1552727
10/22/2020 7:56:17 AM,1.630764,0.07728372,3.703175,0.01938324,0.9336586,-0.1589916
10/22/2020 7:56:17 AM,1.630772,0.07571293,3.709559,0.01779425,0.9342389,-0.1615313
10/22/2020 7:56:17 AM,1.631027,0.07490851,3.716264,0.01593129,0.934543,-0.1645275
10/22/2020 7:56:17 AM,1.631219,0.07378811,3.722626,0.01343931,0.9345119,-0.1662083
10/22/2020 7:56:17 AM,1.631575,0.07272376,3.729069,0.01167241,0.9344443,-0.1677478
10/22/2020 7:56:17 AM,1.631922,0.07162467,3.735274,0.01018911,0.9344419,-0.1687651
10/22/2020 7:56:17 AM,1.63259,0.07073008,3.741664,0.009134246,0.9344931,-0.1696696
10/22/2020 7:56:17 AM,1.632859,0.07036775,3.747656,0.008138561,0.9346156,-0.170953
10/22/2020 7:56:17 AM,1.633424,0.06997621,3.753789,0.007443644,0.9347976,-0.1715803
10/22/2020 7:56:17 AM,1.634012,0.06959692,3.759923,0.006527447,0.9349315,-0.1727859
10/22/2020 7:56:17 AM,1.634708,0.06943879,3.766199,0.005330234,0.9350048,-0.1740136
10/22/2020 7:56:17 AM,1.63531,0.06900112,3.772056,0.003567728,0.9350046,-0.1746467
10/22/2020 7:56:17 AM,1.636207,0.0687982,3.778043,0.001792524,0.9350452,-0.1751402
10/22/2020 7:56:17 AM,1.637331,0.06850171,3.783699,-0.000352218,0.9350299,-0.1751902
10/22/2020 7:56:17 AM,1.638767,0.06813762,3.789359,-0.002573994,0.9351942,-0.1745501
10/22/2020 7:56:17 AM,1.64004,0.06778305,3.794846,-0.004370082,0.9352671,-0.174395
10/22/2020 7:56:17 AM,1.641494,0.06753197,3.800168,-0.005888544,0.935441,-0.1736851
10/22/2020 7:56:17 AM,1.642955,0.06726471,3.805243,-0.007410819,0.9356255,-0.1728477
10/22/2020 7:56:17 AM,1.644432,0.06683908,3.810003,-0.008434813,0.9357575,-0.1715917
10/22/2020 7:56:17 AM,1.645974,0.06638235,3.814686,-0.009210198,0.9358761,-0.1706207
10/22/2020 7:56:17 AM,1.647371,0.06597216,3.818936,-0.009793476,0.9359555,-0.1699314
10/22/2020 7:56:17 AM,1.648905,0.06550425,3.823192,-0.01022519,0.936017,-0.1692365
10/22/2020 7:56:17 AM,1.650387,0.06507167,3.827236,-0.01042734,0.9360006,-0.168847
10/22/2020 7:56:17 AM,1.651872,0.06453705,3.830951,-0.01032928,0.9358069,-0.1692601
10/22/2020 7:56:17 AM,1.653478,0.06407624,3.834892,-0.01074074,0.9356016,-0.1699345
10/22/2020 7:56:17 AM,1.655085,0.06392507,3.83824,-0.01104825,0.9353751,-0.1708823
10/22/2020 7:56:17 AM,1.656651,0.0636424,3.841721,-0.01147991,0.9351063,-0.1721415
10/22/2020 7:56:17 AM,1.658416,0.06345412,3.844896,-0.01157891,0.9349569,-0.1731878
10/22/2020 7:56:17 AM,1.660047,0.06334399,3.848064,-0.01139976,0.9350458,-0.1739169
10/22/2020 7:56:17 AM,1.661628,0.06329361,3.851031,-0.01115736,0.9352111,-0.1743306
10/22/2020 7:56:17 AM,1.663076,0.06324774,3.853855,-0.01100906,0.9353016,-0.1747568
10/22/2020 7:56:17 AM,1.664686,0.06298561,3.856654,-0.01047542,0.9354604,-0.1751706
10/22/2020 7:56:17 AM,1.666181,0.06289361,3.859518,-0.00999133,0.9355794,-0.1757622
10/22/2020 7:56:17 AM,1.667448,0.06297303,3.862027,-0.009135431,0.9357207,-0.1760189
10/22/2020 7:56:17 AM,1.668589,0.06309032,3.864622,-0.008280291,0.9359013,-0.1760329
10/22/2020 7:56:17 AM,1.669739,0.06326332,3.867023,-0.007764625,0.9361133,-0.1755446
10/22/2020 7:56:17 AM,1.6707,0.06335776,3.869429,-0.007643853,0.9361998,-0.1749004
10/22/2020 7:56:17 AM,1.671728,0.06328567,3.871613,-0.007661455,0.936216,-0.174074
10/22/2020 7:56:17 AM,1.672798,0.06310963,3.873815,-0.00753653,0.9361407,-0.1734702
10/22/2020 7:56:17 AM,1.673784,0.06308252,3.875721,-0.007468989,0.9359419,-0.173241
10/22/2020 7:56:17 AM,1.674505,0.06304553,3.877811,-0.006617516,0.9357605,-0.173149
10/22/2020 7:56:17 AM,1.675406,0.06321194,3.87966,-0.006317271,0.9356341,-0.1729983
10/22/2020 7:56:17 AM,1.6761,0.06311999,3.881487,-0.006001316,0.9355085,-0.172694
10/22/2020 7:56:18 AM,1.676937,0.06318618,3.88314,-0.005755303,0.9354438,-0.1723833
10/22/2020 7:56:18 AM,1.677764,0.06296176,3.884941,-0.005549157,0.9354116,-0.1723964
10/22/2020 7:56:18 AM,1.678588,0.0629634,3.886663,-0.005783657,0.9354039,-0.1726849
10/22/2020 7:56:18 AM,1.679296,0.06293257,3.888377,-0.006003082,0.9354953,-0.172741
10/22/2020 7:56:18 AM,1.679956,0.06284145,3.889876,-0.006325216,0.9356344,-0.1724742
10/22/2020 7:56:18 AM,1.680668,0.06279604,3.891482,-0.006762647,0.935848,-0.1721326
10/22/2020 7:56:18 AM,1.681384,0.06282552,3.893056,-0.007221241,0.9360988,-0.1716879
10/22/2020 7:56:18 AM,1.681914,0.06281298,3.894539,-0.007712733,0.9362963,-0.1712018
10/22/2020 7:56:18 AM,1.682331,0.06295797,3.895881,-0.00839391,0.9364656,-0.17046
10/22/2020 7:56:18 AM,1.683061,0.06310061,3.897299,-0.008942296,0.9366609,-0.1695335
10/22/2020 7:56:18 AM,1.683459,0.06336818,3.898714,-0.009363879,0.9368966,-0.1684943
10/22/2020 7:56:18 AM,1.68371,0.06358714,3.899827,-0.009460683,0.9370477,-0.1669889
10/22/2020 7:56:18 AM,1.684184,0.06374666,3.900977,-0.009698614,0.9372636,-0.1654506
10/22/2020 7:56:18 AM,1.684505,0.06388949,3.902002,-0.009806566,0.9374789,-0.1639075
10/22/2020 7:56:18 AM,1.684795,0.06425413,3.902936,-0.01011052,0.9377245,-0.1622627
10/22/2020 7:56:18 AM,1.684963,0.06438354,3.9036,-0.01013531,0.9379648,-0.1602351
10/22/2020 7:56:18 AM,1.685292,0.06471817,3.904404,-0.01029019,0.9382215,-0.1586474
10/22/2020 7:56:18 AM,1.685472,0.06506133,3.904969,-0.01052248,0.9384304,-0.1571923
10/22/2020 7:56:18 AM,1.685539,0.06532069,3.905362,-0.01072066,0.9386928,-0.1555551
10/22/2020 7:56:18 AM,1.68569,0.06565403,3.905819,-0.01103762,0.9389531,-0.1539898
10/22/2020 7:56:18 AM,1.685883,0.06599462,3.906142,-0.0115727,0.9391146,-0.1530684
10/22/2020 7:56:18 AM,1.68591,0.06601943,3.906171,-0.01131581,0.9393934,-0.1512664
10/22/2020 7:56:18 AM,1.686208,0.06593144,3.906293,-0.01144433,0.93961,-0.1505242
10/22/2020 7:56:18 AM,1.686503,0.06597611,3.906502,-0.01154373,0.9399294,-0.1499629
10/22/2020 7:56:18 AM,1.686285,0.06599215,3.906336,-0.01160456,0.9402134,-0.1495839
10/22/2020 7:56:18 AM,1.686244,0.06593119,3.906397,-0.01086542,0.940461,-0.1488702
10/22/2020 7:56:18 AM,1.68602,0.06638902,3.906117,-0.01063382,0.9406888,-0.1478507
10/22/2020 7:56:18 AM,1.685948,0.06647012,3.905975,-0.01073663,0.9409114,-0.1465594
10/22/2020 7:56:18 AM,1.685638,0.06640013,3.905876,-0.01065711,0.9410944,-0.145085
10/22/2020 7:56:18 AM,1.68529,0.06637633,3.905669,-0.01057102,0.9410069,-0.1441301
10/22/2020 7:56:18 AM,1.684933,0.06623739,3.90537,-0.01150743,0.9408258,-0.1432243
10/22/2020 7:56:18 AM,1.684848,0.06597295,3.905347,-0.01263469,0.9403147,-0.1434683
10/22/2020 7:56:18 AM,1.68464,0.06623145,3.904943,-0.01343943,0.9399119,-0.1435589
10/22/2020 7:56:18 AM,1.684704,0.06733648,3.904564,-0.01422421,0.9396321,-0.1433429
10/22/2020 7:56:18 AM,1.684438,0.06766745,3.904107,-0.01454126,0.9395823,-0.1422924
10/22/2020 7:56:18 AM,1.684505,0.06784001,3.903692,-0.01455277,0.9399567,-0.1404304
10/22/2020 7:56:18 AM,1.684524,0.06826169,3.903443,-0.01480652,0.9401931,-0.13962
10/22/2020 7:56:18 AM,1.684161,0.06895305,3.903185,-0.01498252,0.9407297,-0.1374624
10/22/2020 7:56:18 AM,1.683968,0.06962959,3.902986,-0.01519003,0.941024,-0.1357165
10/22/2020 7:56:18 AM,1.683784,0.07106432,3.902833,-0.01540161,0.9414516,-0.1329117
10/22/2020 7:56:18 AM,1.683533,0.0717454,3.902612,-0.0147496,0.9425798,-0.125871
10/22/2020 7:56:18 AM,1.683322,0.07236083,3.902561,-0.01456597,0.9431673,-0.1218124
10/22/2020 7:56:18 AM,1.683098,0.07257794,3.902567,-0.01454812,0.9437382,-0.1177488
10/22/2020 7:56:18 AM,1.682953,0.07374799,3.90269,-0.01476816,0.9443308,-0.1132308
10/22/2020 7:56:18 AM,1.682603,0.0748903,3.902515,-0.01458712,0.9450066,-0.1075163
10/22/2020 7:56:18 AM,1.682282,0.07542998,3.902487,-0.01441556,0.9456579,-0.1010064
10/22/2020 7:56:18 AM,1.681936,0.07621358,3.902461,-0.01463003,0.9460977,-0.09580705
10/22/2020 7:56:18 AM,1.681565,0.07656504,3.902521,-0.01420075,0.9465232,-0.0901439
10/22/2020 7:56:18 AM,1.681322,0.07692926,3.902648,-0.01464617,0.9466222,-0.0865128
10/22/2020 7:56:18 AM,1.681046,0.07699902,3.902825,-0.01485363,0.9466814,-0.08356645
10/22/2020 7:56:18 AM,1.680871,0.07740612,3.902943,-0.01527234,0.9466904,-0.08139313
10/22/2020 7:56:18 AM,1.680714,0.07810809,3.903144,-0.0157943,0.9466608,-0.07982001
10/22/2020 7:56:18 AM,1.680583,0.07858454,3.903358,-0.01598623,0.9466645,-0.07831948
10/22/2020 7:56:18 AM,1.680323,0.07907436,3.903514,-0.01618571,0.9467312,-0.07603592
10/22/2020 7:56:18 AM,1.680169,0.07947643,3.903701,-0.01620576,0.9468364,-0.07359868
10/22/2020 7:56:18 AM,1.679858,0.07945493,3.903818,-0.01622928,0.9469546,-0.07147767
10/22/2020 7:56:18 AM,1.679568,0.07936533,3.903953,-0.01664033,0.9470221,-0.07015176
10/22/2020 7:56:18 AM,1.679311,0.07957726,3.904246,-0.01745337,0.9470085,-0.06994722
10/22/2020 7:56:18 AM,1.678943,0.07977062,3.90428,-0.01792762,0.9469739,-0.06866197
10/22/2020 7:56:18 AM,1.678718,0.07973818,3.904397,-0.01836152,0.9468762,-0.06824005
10/22/2020 7:56:19 AM,1.678371,0.0799986,3.904308,-0.01869896,0.9468657,-0.06734103
10/22/2020 7:56:19 AM,1.678003,0.07996081,3.904366,-0.01883586,0.9469007,-0.06660683
10/22/2020 7:56:19 AM,1.677471,0.0798155,3.904203,-0.01888946,0.9468719,-0.06626339
10/22/2020 7:56:19 AM,1.676957,0.07969153,3.904318,-0.01917093,0.9467861,-0.06630193
10/22/2020 7:56:19 AM,1.676368,0.07974726,3.904392,-0.01944485,0.9466896,-0.06692373
10/22/2020 7:56:19 AM,1.67561,0.07976571,3.90446,-0.01969679,0.9465809,-0.06648804
10/22/2020 7:56:19 AM,1.674805,0.07958581,3.90434,-0.02050556,0.9462916,-0.06663483
10/22/2020 7:56:19 AM,1.67404,0.07943781,3.90447,-0.0213268,0.9459733,-0.06624525
10/22/2020 7:56:19 AM,1.67318,0.07912552,3.904397,-0.0222553,0.9455779,-0.06613987
10/22/2020 7:56:19 AM,1.672293,0.07887805,3.904366,-0.02301763,0.9450438,-0.06611541
10/22/2020 7:56:19 AM,1.671598,0.07836366,3.904325,-0.02390655,0.9444449,-0.06650529
10/22/2020 7:56:19 AM,1.670675,0.07831836,3.904419,-0.02457902,0.9439945,-0.06666882
10/22/2020 7:56:19 AM,1.669708,0.07804079,3.904397,-0.02497397,0.9435285,-0.06646932
10/22/2020 7:56:19 AM,1.668559,0.07791927,3.904442,-0.02586932,0.9429929,-0.06630753
10/22/2020 7:56:19 AM,1.66742,0.07771574,3.904488,-0.02691762,0.9423704,-0.06622821
10/22/2020 7:56:19 AM,1.666241,0.07761519,3.904421,-0.02823135,0.9417048,-0.06595287
10/22/2020 7:56:19 AM,1.665232,0.07713063,3.904324,-0.0292096,0.941066,-0.06602495
10/22/2020 7:56:19 AM,1.664173,0.07675303,3.90423,-0.03018043,0.9404772,-0.06649783
10/22/2020 7:56:19 AM,1.663138,0.07642543,3.904029,-0.0309935,0.9399745,-0.06673197
10/22/2020 7:56:19 AM,1.66204,0.07588138,3.903951,-0.03257108,0.9395204,-0.06759257
10/22/2020 7:56:19 AM,1.66094,0.07556453,3.903841,-0.03394883,0.9389906,-0.06824876
10/22/2020 7:56:19 AM,1.659812,0.07533758,3.903614,-0.03566239,0.9384183,-0.06893403
10/22/2020 7:56:19 AM,1.658647,0.0752271,3.903207,-0.03704255,0.9379202,-0.06915674
10/22/2020 7:56:19 AM,1.657501,0.07492197,3.902854,-0.0383051,0.937408,-0.06921211
10/22/2020 7:56:19 AM,1.656478,0.07451114,3.902289,-0.03909707,0.9370165,-0.06908969
10/22/2020 7:56:19 AM,1.655267,0.07400338,3.901765,-0.03979357,0.9366463,-0.06929792
10/22/2020 7:56:19 AM,1.654204,0.07364173,3.90133,-0.04076929,0.936284,-0.06955871
10/22/2020 7:56:19 AM,1.653008,0.07332447,3.900658,-0.04197758,0.9358996,-0.070365
10/22/2020 7:56:19 AM,1.652016,0.07310618,3.899956,-0.04335972,0.9355306,-0.07108698
10/22/2020 7:56:19 AM,1.650914,0.07260808,3.899215,-0.04437925,0.9351467,-0.07185009
10/22/2020 7:56:19 AM,1.650074,0.07254989,3.898526,-0.0453182,0.9348769,-0.07261368
10/22/2020 7:56:19 AM,1.649175,0.07244177,3.897561,-0.04611486,0.9347374,-0.07365138
10/22/2020 7:56:19 AM,1.648198,0.07257919,3.896382,-0.04661228,0.9348299,-0.0742616
10/22/2020 7:56:19 AM,1.647254,0.072625,3.895257,-0.0475153,0.9349109,-0.07521772
10/22/2020 7:56:19 AM,1.646512,0.07339476,3.894158,-0.04835404,0.9351346,-0.07628313
10/22/2020 7:56:19 AM,1.645345,0.0738224,3.892669,-0.04890351,0.9355727,-0.07597298
10/22/2020 7:56:19 AM,1.644394,0.07417259,3.891347,-0.04939517,0.9357077,-0.07672144
10/22/2020 7:56:19 AM,1.643278,0.07472429,3.889623,-0.04979359,0.9359025,-0.07767147
10/22/2020 7:56:19 AM,1.64225,0.074755,3.887994,-0.05063469,0.9360463,-0.07870092
10/22/2020 7:56:19 AM,1.64126,0.07474215,3.886326,-0.05160189,0.9360449,-0.08050263
10/22/2020 7:56:19 AM,1.640494,0.07506533,3.884524,-0.05224276,0.9360999,-0.08261321
10/22/2020 7:56:19 AM,1.639593,0.07522887,3.882732,-0.05228347,0.9362209,-0.08451307
10/22/2020 7:56:19 AM,1.638673,0.07520112,3.880826,-0.05227395,0.9363606,-0.08617166
10/22/2020 7:56:19 AM,1.637806,0.0749508,3.878897,-0.0520224,0.9363812,-0.08797465
10/22/2020 7:56:19 AM,1.637015,0.07471345,3.87683,-0.05179446,0.9364337,-0.08996916
10/22/2020 7:56:19 AM,1.636322,0.07431412,3.874728,-0.05130714,0.9366311,-0.09109183
10/22/2020 7:56:19 AM,1.635448,0.07427208,3.872478,-0.05113991,0.9366578,-0.09299972
10/22/2020 7:56:19 AM,1.634574,0.07370141,3.869889,-0.05040462,0.9367818,-0.09393144
10/22/2020 7:56:19 AM,1.633994,0.07351124,3.86717,-0.05016416,0.9366819,-0.09654401
10/22/2020 7:56:19 AM,1.633984,0.07419348,3.864645,-0.05025623,0.9367989,-0.09821951
10/22/2020 7:56:19 AM,1.632998,0.07474354,3.860778,-0.04996585,0.9370654,-0.09930046
10/22/2020 7:56:19 AM,1.632601,0.07541092,3.8575,-0.04967403,0.9373322,-0.1005714
10/22/2020 7:56:19 AM,1.632131,0.07600673,3.853828,-0.04980817,0.9376257,-0.0999984
10/22/2020 7:56:19 AM,1.631815,0.0756751,3.849948,-0.05013955,0.9376732,-0.09978428
10/22/2020 7:56:19 AM,1.631686,0.07551322,3.845851,-0.05024717,0.9376264,-0.09967361
10/22/2020 7:56:19 AM,1.631678,0.07566737,3.841398,-0.05038742,0.9374206,-0.1005843
10/22/2020 7:56:19 AM,1.631651,0.07556484,3.836598,-0.05107683,0.937157,-0.1007543
10/22/2020 7:56:19 AM,1.632206,0.07428338,3.831411,-0.05198022,0.9364442,-0.1023631
10/22/2020 7:56:19 AM,1.632959,0.07403438,3.82619,-0.05333498,0.9355925,-0.1056669
10/22/2020 7:56:19 AM,1.63371,0.07433631,3.819986,-0.0548193,0.9347088,-0.1059541
10/22/2020 7:56:20 AM,1.635064,0.07376632,3.813303,-0.05568836,0.9336903,-0.1062772
10/22/2020 7:56:20 AM,1.636663,0.0729277,3.806059,-0.05632715,0.9325677,-0.1063256
10/22/2020 7:56:20 AM,1.638608,0.07252502,3.798411,-0.05603759,0.9313499,-0.1065605
10/22/2020 7:56:20 AM,1.640896,0.07171772,3.790302,-0.05442046,0.9301732,-0.107486
10/22/2020 7:56:20 AM,1.643045,0.07183379,3.781804,-0.05250234,0.9288431,-0.1091718
10/22/2020 7:56:20 AM,1.645423,0.07132365,3.772973,-0.04965598,0.9276926,-0.110192
10/22/2020 7:56:20 AM,1.648093,0.0705992,3.76408,-0.04712435,0.9263932,-0.1118502
10/22/2020 7:56:20 AM,1.651496,0.07010857,3.754544,-0.04566478,0.925125,-0.1133303
10/22/2020 7:56:20 AM,1.654918,0.06979603,3.744669,-0.04403683,0.9239845,-0.1138316
10/22/2020 7:56:20 AM,1.658801,0.06890385,3.734534,-0.0419355,0.9228923,-0.1137083
10/22/2020 7:56:20 AM,1.662944,0.06778541,3.724108,-0.04004291,0.9216961,-0.1143911
10/22/2020 7:56:20 AM,1.667095,0.06703401,3.7136,-0.03920804,0.9200771,-0.1148994
10/22/2020 7:56:20 AM,1.671968,0.06548136,3.702904,-0.03826976,0.9180454,-0.1166892
10/22/2020 7:56:20 AM,1.677178,0.06459817,3.692137,-0.03799079,0.915828,-0.1185035
10/22/2020 7:56:20 AM,1.682831,0.06373546,3.680976,-0.03711555,0.9136291,-0.1199317
10/22/2020 7:56:20 AM,1.688389,0.06392539,3.669933,-0.03557142,0.9113894,-0.1205134
10/22/2020 7:56:20 AM,1.694061,0.06365835,3.658555,-0.03416071,0.9090387,-0.1191906
10/22/2020 7:56:20 AM,1.699834,0.06351364,3.647206,-0.03292426,0.9063192,-0.1161215
10/22/2020 7:56:20 AM,1.70549,0.06171454,3.635719,-0.02992682,0.9034233,-0.1127837
10/22/2020 7:56:20 AM,1.711427,0.06171187,3.624295,-0.02640384,0.9006177,-0.1099955
10/22/2020 7:56:20 AM,1.716631,0.06138919,3.612015,-0.02383507,0.898287,-0.104135
10/22/2020 7:56:20 AM,1.722189,0.06093359,3.599938,-0.02342243,0.8958812,-0.09875754
10/22/2020 7:56:20 AM,1.728132,0.05877138,3.588416,-0.02434565,0.8930643,-0.09550586
10/22/2020 7:56:20 AM,1.734143,0.05758526,3.577679,-0.0237904,0.8895873,-0.09835073
10/22/2020 7:56:20 AM,1.741165,0.05741187,3.566936,-0.02300458,0.886659,-0.1027208
10/22/2020 7:56:20 AM,1.747642,0.0603484,3.556576,-0.02335132,0.8841615,-0.1085382
10/22/2020 7:56:20 AM,1.752872,0.06511597,3.545364,-0.02146547,0.8823674,-0.1072443
10/22/2020 7:56:20 AM,1.758621,0.06968069,3.534526,-0.02124478,0.8809672,-0.1045498
10/22/2020 7:56:20 AM,1.763867,0.07263954,3.523914,-0.02152736,0.879724,-0.1001136
10/22/2020 7:56:20 AM,1.768782,0.07518783,3.513645,-0.01968886,0.8783421,-0.0968095
10/22/2020 7:56:20 AM,1.773416,0.07728679,3.50335,-0.01751919,0.8771133,-0.09451158
10/22/2020 7:56:20 AM,1.777993,0.07898147,3.493886,-0.01503783,0.8761562,-0.09279167
10/22/2020 7:56:20 AM,1.781741,0.08022541,3.48456,-0.01387323,0.8747888,-0.09182121
10/22/2020 7:56:20 AM,1.784977,0.081306,3.475295,-0.01452085,0.8729388,-0.09137563
10/22/2020 7:56:20 AM,1.788081,0.08327667,3.466058,-0.01657517,0.8705488,-0.09263099
10/22/2020 7:56:20 AM,1.790925,0.08486289,3.456885,-0.01558248,0.8684974,-0.09216903
10/22/2020 7:56:20 AM,1.793537,0.08505584,3.448097,-0.01312402,0.8667269,-0.0917283
10/22/2020 7:56:20 AM,1.795483,0.08607945,3.43907,-0.01288259,0.8648114,-0.09374496
10/22/2020 7:56:20 AM,1.797135,0.08766191,3.429843,-0.01322091,0.8632349,-0.09135189
10/22/2020 7:56:20 AM,1.799298,0.08556649,3.420884,0.489288,0.4030751,-0.255907
10/22/2020 7:56:20 AM,1.801859,0.08452867,3.411811,0.4870319,0.4060697,-0.2549099
10/22/2020 7:56:20 AM,1.803744,0.08432338,3.402442,0.4856279,0.4077451,-0.2536288
10/22/2020 7:56:20 AM,1.805126,0.08295287,3.393497,0.485081,0.4083504,-0.2537051
10/22/2020 7:56:20 AM,1.806428,0.08201508,3.384358,0.4827208,0.4100567,-0.2530479
10/22/2020 7:56:20 AM,1.807156,0.08137247,3.375141,0.01959417,-0.858238,0.09790632
10/22/2020 7:56:20 AM,1.807722,0.08039834,3.365509,0.01934749,-0.8575998,0.09752174
10/22/2020 7:56:20 AM,1.807921,0.07892483,3.356273,0.0193895,-0.8569427,0.09728057
10/22/2020 7:56:20 AM,1.807773,0.07723457,3.346922,0.01923554,-0.8561187,0.09693552
10/22/2020 7:56:20 AM,1.807318,0.075463,3.337812,0.01955468,-0.8550463,0.09670988
10/22/2020 7:56:20 AM,1.806791,0.0738795,3.328338,0.01988162,-0.8538166,0.096182
10/22/2020 7:56:20 AM,1.806189,0.07165849,3.318928,0.0203461,-0.8526095,0.09513846
10/22/2020 7:56:20 AM,1.805341,0.06925695,3.309258,0.02033065,-0.8513765,0.09510051
10/22/2020 7:56:20 AM,1.8042,0.06731674,3.299639,0.02071879,-0.8502151,0.0964755
10/22/2020 7:56:20 AM,1.802858,0.06555652,3.290118,0.02045129,-0.8493687,0.09751211
10/22/2020 7:56:20 AM,1.800987,0.06323057,3.280884,0.02044348,-0.8486046,0.09819612
10/22/2020 7:56:20 AM,1.79923,0.061674,3.271448,0.0211898,-0.8480251,0.09782985
10/22/2020 7:56:20 AM,1.796818,0.06031811,3.261838,0.02218151,-0.8476187,0.09610648
10/22/2020 7:56:20 AM,1.794078,0.05846979,3.252078,0.02329397,-0.8470988,0.09556936
10/22/2020 7:56:20 AM,1.791083,0.05690842,3.242717,0.02425289,-0.8465337,0.09574922
10/22/2020 7:56:20 AM,1.787816,0.05507611,3.233168,0.02560935,-0.8458627,0.0962983
10/22/2020 7:56:21 AM,1.784269,0.05331905,3.223908,0.02696027,-0.8451377,0.09737719
10/22/2020 7:56:21 AM,1.781029,0.05096553,3.214624,0.02826708,-0.844695,0.09951691
10/22/2020 7:56:21 AM,1.777338,0.05010673,3.205608,0.02980752,-0.8445385,0.1005153
10/22/2020 7:56:21 AM,1.773538,0.04814112,3.196859,0.02954063,-0.8449121,0.09990026
10/22/2020 7:56:21 AM,1.768982,0.04772297,3.188468,0.03079696,-0.844959,0.1008772
10/22/2020 7:56:21 AM,1.765075,0.04670878,3.180549,0.0328515,-0.8444078,0.1009614
10/22/2020 7:56:21 AM,1.761632,0.04412915,3.172705,0.03409578,-0.8429191,0.1061699
10/22/2020 7:56:21 AM,1.759019,0.04899126,3.16384,0.03962398,-0.8420275,0.1169404
10/22/2020 7:56:21 AM,1.75404,0.0603181,3.154606,0.04179725,-0.8432297,0.1148562
10/22/2020 7:56:21 AM,1.749742,0.05959939,3.147133,0.04152874,-0.8434405,0.115286
10/22/2020 7:56:21 AM,1.747711,0.06131704,3.139858,0.04044428,-0.8439017,0.119405
10/22/2020 7:56:21 AM,1.745576,0.06382026,3.132518,0.04211653,-0.8462058,0.1197549
10/22/2020 7:56:21 AM,1.743117,0.06302773,3.126825,0.04090332,-0.848841,0.1178558
10/22/2020 7:56:21 AM,1.740653,0.06454221,3.120443,0.04418838,-0.8498691,0.1191035
10/22/2020 7:56:21 AM,1.737141,0.06871539,3.113651,0.04797057,-0.8505869,0.1142357
10/22/2020 7:56:21 AM,1.734197,0.07130314,3.106611,0.05037641,-0.8503647,0.1059179
10/22/2020 7:56:21 AM,1.731778,0.07208329,3.099371,0.05190575,-0.8491881,0.1016572
10/22/2020 7:56:21 AM,1.730138,0.07381428,3.0913,0.05218101,-0.8486813,0.09886505
10/22/2020 7:56:21 AM,1.728204,0.07541783,3.083043,0.05153789,-0.8492126,0.09694629
10/22/2020 7:56:21 AM,1.727187,0.07522449,3.074393,0.04832401,-0.8506599,0.09802243
10/22/2020 7:56:21 AM,1.726883,0.07627819,3.065129,0.04680788,-0.8535989,0.1030443
10/22/2020 7:56:21 AM,1.725538,0.07657093,3.057286,0.4754446,0.4252975,-0.2324857
10/22/2020 7:56:21 AM,1.722632,0.0773223,3.05092,0.4719362,0.4217849,-0.2310433
10/22/2020 7:56:21 AM,1.719708,0.07950605,3.04443,0.4713275,0.4204378,-0.2324986
10/22/2020 7:56:21 AM,1.717631,0.08021453,3.037987,0.4690476,0.4224314,-0.23315
10/22/2020 7:56:21 AM,1.716662,0.08125244,3.031366,0.4661306,0.4254812,-0.2339727
10/22/2020 7:56:21 AM,1.715672,0.08298726,3.024406,0.04501116,-0.8547136,0.1166154
10/22/2020 7:56:21 AM,1.714956,0.08362973,3.017377,0.04701721,-0.8532267,0.1130063
10/22/2020 7:56:21 AM,1.713776,0.08445663,3.010504,0.04812953,-0.8522591,0.1112932
10/22/2020 7:56:21 AM,1.713483,0.08403341,3.00306,0.04946699,-0.8507727,0.1087691
10/22/2020 7:56:21 AM,1.713918,0.08347621,2.995646,0.05081485,-0.8498399,0.1059151
10/22/2020 7:56:21 AM,1.714255,0.08229013,2.988618,0.05178709,-0.8488687,0.1035332
10/22/2020 7:56:21 AM,1.714319,0.08142427,2.982028,0.05135514,-0.8474371,0.1019817
10/22/2020 7:56:21 AM,1.715003,0.07993534,2.975433,0.0502337,-0.8445404,0.103708
10/22/2020 7:56:21 AM,1.717224,0.07934681,2.968458,0.04941654,-0.8414012,0.1093274
10/22/2020 7:56:21 AM,1.719136,0.07864588,2.961532,0.04912966,-0.839595,0.1125066
10/22/2020 7:56:21 AM,1.721287,0.07853985,2.95465,0.05039097,-0.8382093,0.1155699
10/22/2020 7:56:21 AM,1.723661,0.07795642,2.948098,0.05250427,-0.8367659,0.1175125
10/22/2020 7:56:21 AM,1.726424,0.07728183,2.941446,0.05520603,-0.8349656,0.119113
10/22/2020 7:56:21 AM,1.729505,0.07736444,2.93475,0.0577529,-0.8326837,0.1201812
10/22/2020 7:56:21 AM,1.732855,0.07748395,2.92787,0.05897823,-0.8302884,0.119855
10/22/2020 7:56:21 AM,1.736491,0.07688706,2.920851,0.05949948,-0.8279439,0.1193277
10/22/2020 7:56:21 AM,1.740443,0.07610725,2.914087,0.06081457,-0.8257738,0.1184904
10/22/2020 7:56:21 AM,1.744401,0.07654667,2.907036,0.06294023,-0.823156,0.1172155
10/22/2020 7:56:21 AM,1.748601,0.0763386,2.900005,0.0654708,-0.8202658,0.1153443
10/22/2020 7:56:21 AM,1.752742,0.07637256,2.892144,0.06696647,-0.8173494,0.1132019
10/22/2020 7:56:21 AM,1.756763,0.07730942,2.884341,0.06726523,-0.8149437,0.1114869
10/22/2020 7:56:21 AM,1.760958,0.07693147,2.876747,0.0675429,-0.8129357,0.1101927
10/22/2020 7:56:21 AM,1.765686,0.07652107,2.869335,0.07044015,-0.8104377,0.1103307
10/22/2020 7:56:21 AM,1.770332,0.0770212,2.861969,0.07390914,-0.8077569,0.1102476
10/22/2020 7:56:21 AM,1.77527,0.07725556,2.854677,0.07700812,-0.8050979,0.1093015
10/22/2020 7:56:21 AM,1.780577,0.07696383,2.84748,0.07960391,-0.8026958,0.1091163
10/22/2020 7:56:21 AM,1.785955,0.07717679,2.840642,0.0816809,-0.800148,0.1104704
10/22/2020 7:56:21 AM,1.792141,0.07667214,2.834123,0.0822725,-0.798233,0.1131431
10/22/2020 7:56:21 AM,1.797589,0.07758015,2.828069,0.08251669,-0.7966199,0.1165847
10/22/2020 7:56:21 AM,1.803179,0.07931439,2.822134,0.08219133,-0.7957234,0.1165236
10/22/2020 7:56:21 AM,1.808429,0.07939166,2.816609,0.08147142,-0.7949521,0.1161009
10/22/2020 7:56:21 AM,1.813983,0.0803344,2.811299,0.08105914,-0.7942476,0.115316
10/22/2020 7:56:21 AM,1.819364,0.08044538,2.806136,0.08029754,-0.7938285,0.1146333
10/22/2020 7:56:21 AM,1.82509,0.0802649,2.801509,0.07885525,-0.7937118,0.1157663
10/22/2020 7:56:22 AM,1.830653,0.08093463,2.797369,0.0773698,-0.7935985,0.1182692
10/22/2020 7:56:22 AM,1.836075,0.08201726,2.793538,0.07543182,-0.7937194,0.1201949
10/22/2020 7:56:22 AM,1.84142,0.08275055,2.790258,0.07344356,-0.7937791,0.1215202
10/22/2020 7:56:22 AM,1.846682,0.08333419,2.787122,0.07147938,-0.793723,0.1216318
10/22/2020 7:56:22 AM,1.851741,0.08372208,2.784189,0.06936884,-0.7937466,0.1208892
10/22/2020 7:56:22 AM,1.856663,0.08366911,2.781575,0.06767529,-0.793552,0.1205864
10/22/2020 7:56:22 AM,1.861574,0.08307002,2.779163,0.0658791,-0.7931625,0.1211161
10/22/2020 7:56:22 AM,1.86663,0.08289193,2.777015,0.06377167,-0.7930163,0.1222689
10/22/2020 7:56:22 AM,1.870986,0.08275559,2.775198,0.06143365,-0.7929522,0.123677
10/22/2020 7:56:22 AM,1.875352,0.08317907,2.773628,0.05951653,-0.7928979,0.1246496
10/22/2020 7:56:22 AM,1.878592,0.08350448,2.77186,0.0569844,-0.7928272,0.1251276
10/22/2020 7:56:22 AM,1.882305,0.08346611,2.770282,0.05404036,-0.7928622,0.1254937
10/22/2020 7:56:22 AM,1.885809,0.08335066,2.768791,0.05191438,-0.7927461,0.1270046
10/22/2020 7:56:22 AM,1.889068,0.08386184,2.767301,0.04855427,-0.7924586,0.1285822
10/22/2020 7:56:22 AM,1.892309,0.0825492,2.766061,0.04522016,-0.792311,0.1323144
10/22/2020 7:56:22 AM,1.895424,0.08319433,2.764778,0.04078511,-0.7930732,0.1366465
10/22/2020 7:56:22 AM,1.898486,0.08302286,2.76335,0.0370479,-0.7941343,0.1398263
10/22/2020 7:56:22 AM,1.902241,0.08237924,2.762423,0.03419833,-0.7973884,0.1427572
10/22/2020 7:56:22 AM,1.905783,0.08220757,2.76254,0.03361327,-0.8006418,0.1469757
10/22/2020 7:56:22 AM,1.908424,0.08262489,2.762966,0.03295889,-0.8030196,0.1498189
10/22/2020 7:56:22 AM,1.910906,0.08334821,2.763474,0.02999221,-0.8048663,0.1515962
10/22/2020 7:56:22 AM,1.913544,0.08353747,2.764388,0.02678462,-0.8062356,0.1521109
10/22/2020 7:56:22 AM,1.916074,0.08420309,2.765557,0.02332534,-0.8068716,0.1525361
10/22/2020 7:56:22 AM,1.917675,0.08435126,2.766952,0.01919289,-0.8071005,0.1524607
10/22/2020 7:56:22 AM,1.920893,0.08426602,2.768772,0.01542258,-0.8074564,0.1511689
10/22/2020 7:56:22 AM,1.923626,0.08422786,2.770758,0.01272352,-0.8077658,0.1501569
10/22/2020 7:56:22 AM,1.926302,0.08361292,2.773147,0.01010945,-0.8080416,0.1495672
10/22/2020 7:56:22 AM,1.929329,0.08340353,2.775868,0.007746091,-0.8084091,0.1494893
10/22/2020 7:56:22 AM,1.932334,0.08254537,2.779227,0.005382505,-0.8086513,0.1496829
10/22/2020 7:56:22 AM,1.935202,0.0828559,2.782641,0.002964907,-0.8090105,0.1497175
10/22/2020 7:56:22 AM,1.938179,0.08228922,2.786526,0.000889725,-0.8092433,0.148768
10/22/2020 7:56:22 AM,1.94104,0.08254899,2.790328,-0.0001401002,-0.809406,0.1474761
10/22/2020 7:56:22 AM,1.943722,0.08328148,2.794203,-0.001735009,-0.8096585,0.1450662
10/22/2020 7:56:22 AM,1.94594,0.08248036,2.798744,-0.002417009,-0.8096366,0.1426843
10/22/2020 7:56:22 AM,1.948427,0.08208926,2.803429,-0.002915428,-0.8085598,0.1411996
10/22/2020 7:56:22 AM,1.9507,0.08253434,2.807716,-0.003918737,-0.8069275,0.139703
10/22/2020 7:56:22 AM,1.953431,0.08311613,2.811417,-0.005186515,-0.805751,0.1372959
10/22/2020 7:56:22 AM,1.955064,0.08388567,2.815101,-0.007197096,-0.8049626,0.1344002
10/22/2020 7:56:22 AM,1.957149,0.08422671,2.818713,-0.0101674,-0.8044565,0.1329419
10/22/2020 7:56:22 AM,1.959445,0.08308813,2.822819,-0.01062788,-0.8043439,0.1355618
10/22/2020 7:56:22 AM,1.962767,0.0820114,2.827321,-0.007682779,-0.8045201,0.1411849
10/22/2020 7:56:22 AM,1.965736,0.08191927,2.832027,-0.003922988,-0.8045806,0.1463607
10/22/2020 7:56:22 AM,1.968927,0.08224001,2.836434,-0.0007731655,-0.8047448,0.1493086
10/22/2020 7:56:22 AM,1.9713,0.0824739,2.840364,0.001966593,-0.8050958,0.1492081
10/22/2020 7:56:22 AM,1.973701,0.08255008,2.844118,0.003142879,-0.805649,0.1470999
10/22/2020 7:56:22 AM,1.975788,0.08176205,2.848202,0.003667574,-0.8058864,0.1451749
10/22/2020 7:56:22 AM,1.9781,0.08102272,2.852344,0.005052098,-0.8054718,0.144442
10/22/2020 7:56:22 AM,1.98018,0.08002479,2.856629,0.005775927,-0.8044895,0.1449858
10/22/2020 7:56:22 AM,1.982367,0.07971292,2.8606,0.006169834,-0.803219,0.1450565
10/22/2020 7:56:22 AM,1.984775,0.07947487,2.864428,0.006638994,-0.8024234,0.1446165
10/22/2020 7:56:22 AM,1.986751,0.07889071,2.868063,0.007072349,-0.8019058,0.1432291
10/22/2020 7:56:22 AM,1.988689,0.07886122,2.871466,0.007138916,-0.8017225,0.1416104
10/22/2020 7:56:22 AM,1.990741,0.07844693,2.875151,0.007226129,-0.8019107,0.1401193
10/22/2020 7:56:22 AM,1.992628,0.07735014,2.878665,0.008285522,-0.8017316,0.1397509
10/22/2020 7:56:22 AM,1.995046,0.07777983,2.881993,0.01034477,-0.8014088,0.1395053
10/22/2020 7:56:22 AM,1.996741,0.07847461,2.884746,0.01205587,-0.8007962,0.1386547
10/22/2020 7:56:22 AM,1.998946,0.07886562,2.88758,0.01252536,-0.8005313,0.1367749
10/22/2020 7:56:22 AM,2.000421,0.07976197,2.890112,0.01217915,-0.80013,0.1343552
10/22/2020 7:56:22 AM,2.0022,0.07993083,2.892841,0.01179857,-0.7995597,0.1323086
10/22/2020 7:56:22 AM,2.003722,0.07999848,2.89517,0.01209573,-0.7986207,0.1307343
10/22/2020 7:56:23 AM,2.005639,0.08005385,2.897588,0.01309119,-0.7975121,0.1300278
10/22/2020 7:56:23 AM,2.00789,0.0805258,2.899485,0.01473443,-0.7962918,0.1299285
10/22/2020 7:56:23 AM,2.009709,0.08153621,2.901392,0.01541548,-0.795315,0.1290837
10/22/2020 7:56:23 AM,2.011957,0.08176094,2.90303,0.01530037,-0.7945381,0.1278763
10/22/2020 7:56:23 AM,2.01375,0.08250912,2.904798,0.01498531,-0.7938803,0.1261206
10/22/2020 7:56:23 AM,2.015689,0.08271284,2.906485,0.01448677,-0.793196,0.1243435
10/22/2020 7:56:23 AM,2.017447,0.08270746,2.908569,0.01429135,-0.7922812,0.12241
10/22/2020 7:56:23 AM,2.019111,0.08240651,2.910473,0.01496725,-0.790668,0.1201025
10/22/2020 7:56:23 AM,2.020679,0.08234423,2.912524,0.01634605,-0.7885202,0.1173721
10/22/2020 7:56:23 AM,2.022295,0.08297288,2.913547,0.01768778,-0.7857215,0.1155244
10/22/2020 7:56:23 AM,2.024594,0.08327007,2.91455,0.01841191,-0.7838466,0.1148239
10/22/2020 7:56:23 AM,2.026721,0.08430418,2.915018,0.01830523,-0.7827868,0.1146067
10/22/2020 7:56:23 AM,2.029162,0.08483198,2.915895,0.01788612,-0.7837542,0.1140311
10/22/2020 7:56:23 AM,2.031469,0.08494803,2.916816,0.01854717,-0.7850194,0.1140847
10/22/2020 7:56:23 AM,2.03346,0.08570515,2.917451,0.01862491,-0.7862047,0.1128958
10/22/2020 7:56:23 AM,2.03562,0.08545566,2.917301,0.01685301,-0.7893257,0.1110444
10/22/2020 7:56:23 AM,2.037917,0.08559238,2.916938,0.01593656,-0.7912263,0.1098721
10/22/2020 7:56:23 AM,2.040661,0.08551458,2.916434,0.01416486,-0.7955464,0.1092076
10/22/2020 7:56:23 AM,2.042885,0.08504846,2.916155,0.01192589,-0.8006508,0.1096722
10/22/2020 7:56:23 AM,2.045426,0.08465593,2.915982,0.0101829,-0.8066146,0.1102923
10/22/2020 7:56:23 AM,2.047926,0.08415099,2.915385,0.009145243,-0.8128233,0.1110887
10/22/2020 7:56:23 AM,2.05009,0.08409792,2.914703,0.008044529,-0.8192469,0.1115464
10/22/2020 7:56:23 AM,2.052129,0.08404244,2.913863,0.006321078,-0.8259059,0.1115955
10/22/2020 7:56:23 AM,2.053815,0.0841675,2.913539,0.004294675,-0.8323799,0.1109011
10/22/2020 7:56:23 AM,2.055105,0.08357023,2.913412,0.003331044,-0.8378625,0.1101771
10/22/2020 7:56:23 AM,2.056667,0.08301383,2.913836,0.004244304,-0.8417078,0.1104693
10/22/2020 7:56:23 AM,2.057811,0.08304138,2.91377,0.006091284,-0.8439821,0.110747
10/22/2020 7:56:23 AM,2.0595,0.08188821,2.913788,0.008057612,-0.845343,0.1114839
10/22/2020 7:56:23 AM,2.061391,0.08127365,2.91371,0.01029377,-0.8461441,0.1133469
10/22/2020 7:56:23 AM,2.062738,0.0815066,2.913528,0.01212793,-0.8460511,0.1152202
10/22/2020 7:56:23 AM,2.064484,0.08237666,2.912672,0.01094715,-0.8465723,0.1139199
10/22/2020 7:56:23 AM,2.065796,0.08111871,2.912404,0.008392366,-0.8474641,0.1138068
10/22/2020 7:56:23 AM,2.067054,0.08124074,2.911904,0.005798389,-0.8483965,0.1138235
10/22/2020 7:56:23 AM,2.068176,0.0814289,2.911733,0.00302284,-0.8499159,0.1125133
10/22/2020 7:56:23 AM,2.069039,0.08119059,2.911586,0.000887082,-0.851696,0.1109891
10/22/2020 7:56:23 AM,2.069576,0.08082098,2.911741,-0.0008282648,-0.8532527,0.1102273
10/22/2020 7:56:23 AM,2.070328,0.08054364,2.912021,-0.001895601,-0.8544415,0.1097212
10/22/2020 7:56:23 AM,2.070776,0.08064713,2.912432,-0.002330816,-0.8553032,0.108978
10/22/2020 7:56:23 AM,2.071332,0.08023679,2.912935,-0.002336285,-0.855706,0.108262
10/22/2020 7:56:23 AM,2.071609,0.07949543,2.913514,-0.002146915,-0.8554321,0.1097698
10/22/2020 7:56:23 AM,2.07216,0.0790063,2.914357,-0.002259156,-0.8553103,0.1114719
10/22/2020 7:56:23 AM,2.072358,0.07891329,2.915368,-0.001396125,-0.8545389,0.1132551
10/22/2020 7:56:23 AM,2.072923,0.07932601,2.916054,-0.0004262187,-0.8538932,0.113629
10/22/2020 7:56:23 AM,2.073471,0.07926865,2.916899,-0.0001193593,-0.853442,0.1133458
10/22/2020 7:56:23 AM,2.074167,0.07915048,2.917681,5.50595E-05,-0.8534169,0.1125712
10/22/2020 7:56:23 AM,2.074593,0.07898767,2.918656,0.0005600653,-0.8535808,0.1120059
10/22/2020 7:56:23 AM,2.074742,0.07906942,2.919505,0.001895078,-0.8536335,0.1116024
10/22/2020 7:56:23 AM,2.075014,0.07921936,2.920456,0.002947315,-0.8536308,0.1108354
10/22/2020 7:56:23 AM,2.075303,0.0792321,2.9213,0.003484751,-0.8536391,0.1099293
10/22/2020 7:56:23 AM,2.075566,0.07953127,2.92221,0.003847769,-0.8537348,0.1089271
10/22/2020 7:56:23 AM,2.075681,0.0795475,2.922996,0.004126038,-0.8538157,0.1079643
10/22/2020 7:56:23 AM,2.075663,0.07952909,2.923902,0.004145686,-0.8537644,0.107176
10/22/2020 7:56:23 AM,2.075332,0.0797877,2.924703,0.004137127,-0.8535193,0.1065634
10/22/2020 7:56:23 AM,2.075071,0.08018567,2.925529,0.004336696,-0.8529927,0.105372
10/22/2020 7:56:23 AM,2.074811,0.08009686,2.92617,0.004776474,-0.8521174,0.1045843
10/22/2020 7:56:23 AM,2.074999,0.08070961,2.926616,0.005527028,-0.8515072,0.1040082
10/22/2020 7:56:23 AM,2.074903,0.08069182,2.926891,0.005653149,-0.8514026,0.1025473
10/22/2020 7:56:23 AM,2.074697,0.08111669,2.927089,0.005718689,-0.8515892,0.101295
10/22/2020 7:56:23 AM,2.07439,0.08118823,2.927214,0.006233624,-0.8517867,0.09995666
10/22/2020 7:56:24 AM,2.074185,0.08097678,2.92717,0.006735214,-0.8515616,0.09966248
10/22/2020 7:56:24 AM,2.073902,0.0813718,2.926759,0.00736721,-0.8513274,0.1001349
10/22/2020 7:56:24 AM,2.073735,0.08161496,2.926388,0.007523553,-0.8512999,0.09981179
10/22/2020 7:56:24 AM,2.073349,0.08187319,2.92578,0.007556513,-0.8514295,0.09945694
10/22/2020 7:56:24 AM,2.072894,0.08189005,2.925064,0.007859105,-0.8514162,0.09911289
10/22/2020 7:56:24 AM,2.072693,0.08152782,2.924445,0.008435757,-0.8513945,0.09916462
10/22/2020 7:56:24 AM,2.072262,0.08116218,2.924172,0.008649668,-0.8507221,0.1007078
10/22/2020 7:56:24 AM,2.071743,0.08127998,2.92367,0.0087639,-0.8491364,0.1025751
10/22/2020 7:56:24 AM,2.071664,0.08154789,2.922305,0.008955945,-0.8477452,0.1038039
10/22/2020 7:56:24 AM,2.071607,0.08105405,2.921251,0.009060242,-0.8475698,0.1050121
10/22/2020 7:56:24 AM,2.071192,0.08127065,2.920264,0.01048453,-0.8472883,0.106167
10/22/2020 7:56:24 AM,2.070876,0.08181813,2.918685,0.01189541,-0.8474144,0.1056539
10/22/2020 7:56:24 AM,2.0698,0.08214989,2.917044,0.01303423,-0.8477787,0.1045393
10/22/2020 7:56:24 AM,2.068846,0.08195035,2.915697,0.01267505,-0.8482396,0.1038954
10/22/2020 7:56:24 AM,2.067744,0.08151552,2.914856,0.01143347,-0.848519,0.1041145
10/22/2020 7:56:24 AM,2.066223,0.08133341,2.914068,0.01040801,-0.8482376,0.1047616
10/22/2020 7:56:24 AM,2.064783,0.08097827,2.913372,0.01077119,-0.8475326,0.1062298
10/22/2020 7:56:24 AM,2.063496,0.08090656,2.912764,0.0115617,-0.8468503,0.1072289
10/22/2020 7:56:24 AM,2.061911,0.0804289,2.91222,0.01338768,-0.8457566,0.1093503
10/22/2020 7:56:24 AM,2.060553,0.0803103,2.911703,0.01475605,-0.8447987,0.1111678
10/22/2020 7:56:24 AM,2.059036,0.08042006,2.911562,0.01469426,-0.844036,0.11335
10/22/2020 7:56:24 AM,2.057197,0.08043588,2.911393,0.01361811,-0.8434188,0.1147982
10/22/2020 7:56:24 AM,2.055457,0.07948342,2.911674,0.01297479,-0.8427936,0.1165433
10/22/2020 7:56:24 AM,2.05384,0.07872257,2.911866,0.01466906,-0.8416618,0.1189886
10/22/2020 7:56:24 AM,2.052647,0.07800381,2.91194,0.01767254,-0.8402514,0.1226418
10/22/2020 7:56:24 AM,2.0521,0.07828985,2.912014,0.01973863,-0.8393248,0.1260919
10/22/2020 7:56:24 AM,2.050113,0.07919765,2.911577,0.02034622,-0.8395292,0.1253981
10/22/2020 7:56:24 AM,2.048595,0.07835882,2.911963,0.01956244,-0.839866,0.125431
10/22/2020 7:56:24 AM,2.046944,0.078242,2.912639,0.02006265,-0.8395886,0.125342
10/22/2020 7:56:24 AM,2.045389,0.07781611,2.913266,0.02273083,-0.8386759,0.1252915
10/22/2020 7:56:24 AM,2.043925,0.07776196,2.914007,0.02526992,-0.8368429,0.1256184
10/22/2020 7:56:24 AM,2.042688,0.07772211,2.914624,0.0274383,-0.8346511,0.1253657
10/22/2020 7:56:24 AM,2.041596,0.07799952,2.915116,0.02929791,-0.8321517,0.1248966
10/22/2020 7:56:24 AM,2.040591,0.07803613,2.915488,0.03041011,-0.829726,0.124528
10/22/2020 7:56:24 AM,2.039561,0.07794577,2.915949,0.03106829,-0.827442,0.1238284
10/22/2020 7:56:24 AM,2.03862,0.07798968,2.916073,0.03201495,-0.825416,0.1232552
10/22/2020 7:56:24 AM,2.037769,0.07720315,2.916366,0.03239793,-0.8236345,0.1231478
10/22/2020 7:56:24 AM,2.037124,0.07692792,2.916288,0.03442097,-0.8221737,0.1236028
10/22/2020 7:56:24 AM,2.036436,0.0762938,2.916649,0.03656946,-0.8207329,0.1250864
10/22/2020 7:56:24 AM,2.035604,0.07681835,2.91655,0.03723822,-0.8193593,0.1257938
10/22/2020 7:56:24 AM,2.034817,0.07704365,2.91656,0.03705609,-0.8186057,0.1248515
10/22/2020 7:56:24 AM,2.033937,0.07671005,2.916554,0.03667646,-0.817715,0.1242986
10/22/2020 7:56:24 AM,2.033359,0.07624985,2.916631,0.03669558,-0.8167573,0.1245007
10/22/2020 7:56:24 AM,2.0329,0.07584321,2.916528,0.03703262,-0.8160194,0.1246047
10/22/2020 7:56:24 AM,2.032491,0.07537675,2.916592,0.03755549,-0.8151522,0.125652
10/22/2020 7:56:24 AM,2.032277,0.07536942,2.916487,0.03843562,-0.8141978,0.1268152
10/22/2020 7:56:24 AM,2.032198,0.07566039,2.916294,0.03923364,-0.8134893,0.1271388
10/22/2020 7:56:24 AM,2.032032,0.07574792,2.915972,0.03937864,-0.8129885,0.1271507
10/22/2020 7:56:24 AM,2.032204,0.07565313,2.915907,0.03947616,-0.8128155,0.1273169
10/22/2020 7:56:24 AM,2.032423,0.07564037,2.91597,0.03952038,-0.8129488,0.1278187
10/22/2020 7:56:24 AM,2.032415,0.07584831,2.915843,0.03957362,-0.812901,0.1279175
10/22/2020 7:56:24 AM,2.032491,0.07599847,2.915718,0.03963236,-0.8128449,0.1279325
10/22/2020 7:56:24 AM,2.032598,0.07615586,2.915801,0.03968471,-0.8128177,0.1274491
10/22/2020 7:56:24 AM,2.032689,0.07608917,2.91586,0.04006845,-0.8124745,0.1268179
10/22/2020 7:56:24 AM,2.03305,0.07587904,2.915779,0.04005969,-0.8120208,0.1266666
10/22/2020 7:56:24 AM,2.033423,0.07626171,2.91571,0.03950774,-0.8118863,0.1264084
10/22/2020 7:56:24 AM,2.033674,0.07618873,2.916068,0.03907832,-0.8117724,0.1260011
10/22/2020 7:56:24 AM,2.033905,0.07647749,2.916236,0.03904429,-0.8113976,0.1255709
10/22/2020 7:56:24 AM,2.034755,0.07592522,2.916778,0.03789544,-0.8110161,0.1258265
10/22/2020 7:56:24 AM,2.035489,0.07554847,2.917497,0.03636569,-0.8107693,0.1262361
10/22/2020 7:56:24 AM,2.036121,0.07503883,2.918568,0.03532933,-0.8102894,0.1275293
10/22/2020 7:56:25 AM,2.036177,0.07518145,2.919473,0.03526207,-0.8093776,0.1290341
10/22/2020 7:56:25 AM,2.037057,0.0756602,2.920547,0.03513403,-0.8086045,0.1299299
10/22/2020 7:56:25 AM,2.038062,0.07612886,2.921587,0.03517552,-0.8079911,0.1296494
10/22/2020 7:56:25 AM,2.038681,0.0764571,2.922658,0.0346989,-0.8076586,0.1290269
10/22/2020 7:56:25 AM,2.039196,0.0772467,2.923697,0.03283848,-0.8077793,0.1270333
10/22/2020 7:56:25 AM,2.039469,0.0777767,2.924773,0.03077127,-0.8083063,0.1250261
10/22/2020 7:56:25 AM,2.039495,0.07806446,2.926055,0.02870577,-0.8089767,0.1227158
10/22/2020 7:56:25 AM,2.039141,0.07793768,2.927465,0.02729324,-0.809418,0.1208364
10/22/2020 7:56:25 AM,2.038924,0.07846395,2.928734,0.02724383,-0.8095801,0.1190527
10/22/2020 7:56:25 AM,2.039307,0.07833315,2.929798,0.02735861,-0.8094126,0.117544
10/22/2020 7:56:25 AM,2.039741,0.07843916,2.930749,0.02646379,-0.8093261,0.1169378
10/22/2020 7:56:25 AM,2.039871,0.0782363,2.931715,0.02485302,-0.8092786,0.1180596
10/22/2020 7:56:25 AM,2.039721,0.07889141,2.932994,0.02403271,-0.809455,0.1190305
10/22/2020 7:56:25 AM,2.039141,0.07922713,2.934359,0.02444708,-0.8093534,0.119066
10/22/2020 7:56:25 AM,2.038224,0.07986069,2.935525,0.02568449,-0.809108,0.1178895
10/22/2020 7:56:25 AM,2.037704,0.07919565,2.936882,0.02753143,-0.8090759,0.1163315
10/22/2020 7:56:25 AM,2.036793,0.0788621,2.938499,0.02935021,-0.8086597,0.1165859
10/22/2020 7:56:25 AM,2.035913,0.07940458,2.939929,0.03119057,-0.8074225,0.1169851
10/22/2020 7:56:25 AM,2.035291,0.07928848,2.941059,0.03189661,-0.8064218,0.117032
10/22/2020 7:56:25 AM,2.034393,0.07981301,2.941783,0.03256952,-0.8056561,0.1157973
10/22/2020 7:56:25 AM,2.033343,0.07980873,2.942486,0.03294531,-0.8052155,0.1143772
10/22/2020 7:56:25 AM,2.032955,0.07947356,2.943207,0.03349867,-0.8051376,0.1131131
10/22/2020 7:56:25 AM,2.032151,0.07925198,2.943794,0.03416744,-0.8053977,0.1124429
10/22/2020 7:56:25 AM,2.031689,0.07861893,2.944419,0.03497365,-0.8061993,0.1120784
10/22/2020 7:56:25 AM,2.030719,0.07812174,2.945116,0.0364131,-0.806321,0.1121885
10/22/2020 7:56:25 AM,2.030465,0.07754718,2.945649,0.03822155,-0.8063254,0.112565
10/22/2020 7:56:25 AM,2.030402,0.07679246,2.946192,0.04063813,-0.8061944,0.1129973
10/22/2020 7:56:25 AM,2.030452,0.07617302,2.946552,0.04294018,-0.8059304,0.114291
10/22/2020 7:56:25 AM,2.030681,0.07599355,2.946965,0.04514005,-0.8056439,0.1157758
10/22/2020 7:56:25 AM,2.030663,0.07597061,2.947018,0.04693429,-0.8053105,0.1170391
10/22/2020 7:56:25 AM,2.030219,0.07631722,2.94757,0.04644702,-0.805056,0.1172467
10/22/2020 7:56:25 AM,2.030074,0.07688755,2.947656,0.04615118,-0.8048021,0.1169304
10/22/2020 7:56:25 AM,2.0299,0.0769206,2.947768,0.04533322,-0.8048528,0.1151377
10/22/2020 7:56:25 AM,2.029988,0.07665379,2.947781,0.0455699,-0.8049012,0.1136059
10/22/2020 7:56:25 AM,2.02984,0.07692564,2.947737,0.04688739,-0.804532,0.1121591
10/22/2020 7:56:25 AM,2.029996,0.07725908,2.947155,0.0473282,-0.8043187,0.1106214
10/22/2020 7:56:25 AM,2.030014,0.07723993,2.946819,0.0472913,-0.8042274,0.1094703
10/22/2020 7:56:25 AM,2.029821,0.07717763,2.9461,0.04659838,-0.8041443,0.1091284
10/22/2020 7:56:25 AM,2.029436,0.07722986,2.945308,0.04606476,-0.8040218,0.1089849
10/22/2020 7:56:25 AM,2.02899,0.07762425,2.944425,0.04553769,-0.8038201,0.108883
10/22/2020 7:56:25 AM,2.028278,0.07812157,2.943696,0.04425053,-0.80367,0.1092869
10/22/2020 7:56:25 AM,2.027692,0.07775767,2.943074,0.04229972,-0.8034687,0.1094245
10/22/2020 7:56:25 AM,2.026705,0.07809719,2.942304,0.04211783,-0.8028652,0.1103023
10/22/2020 7:56:25 AM,2.025909,0.078264,2.941402,0.04166896,-0.8026664,0.1102448
10/22/2020 7:56:25 AM,2.024948,0.07778878,2.940654,0.04162461,-0.8022073,0.1108394
10/22/2020 7:56:25 AM,2.024031,0.0778636,2.939961,0.04199506,-0.8017147,0.1119256
10/22/2020 7:56:25 AM,2.022953,0.07756725,2.939452,0.04166524,-0.8012108,0.1133686
10/22/2020 7:56:25 AM,2.021857,0.07736216,2.939044,0.04164184,-0.8007256,0.1149246
10/22/2020 7:56:25 AM,2.020572,0.07700667,2.938681,0.04158062,-0.7999108,0.1164486
10/22/2020 7:56:25 AM,2.020136,0.07685961,2.938362,0.04184736,-0.7992113,0.1184803
10/22/2020 7:56:25 AM,2.019831,0.0771545,2.938095,0.04295009,-0.7982292,0.1207565
10/22/2020 7:56:25 AM,2.019526,0.07808489,2.937606,0.04336641,-0.7970937,0.1221646
10/22/2020 7:56:25 AM,2.019163,0.07905678,2.936944,0.041962,-0.7963377,0.1223749
10/22/2020 7:56:25 AM,2.019189,0.07981347,2.935937,0.03867446,-0.7966142,0.1213705
10/22/2020 7:56:25 AM,2.01959,0.07955457,2.935451,0.03474753,-0.7984148,0.1207874
10/22/2020 7:56:25 AM,2.019656,0.07927785,2.935434,0.03231979,-0.8000518,0.1206009
10/22/2020 7:56:25 AM,2.019942,0.07950129,2.935536,0.03116441,-0.8008555,0.1208584
10/22/2020 7:56:25 AM,2.020475,0.08001058,2.935442,0.02993676,-0.8012435,0.1210421
10/22/2020 7:56:25 AM,2.021207,0.08076064,2.935618,0.02828461,-0.8015142,0.1209047
10/22/2020 7:56:26 AM,2.021564,0.08184165,2.935459,0.02532195,-0.8016834,0.1193902
10/22/2020 7:56:26 AM,2.022018,0.08259732,2.935251,0.02169627,-0.8022382,0.1168552
10/22/2020 7:56:26 AM,2.022243,0.08291681,2.93528,0.01794004,-0.8028866,0.1143653
10/22/2020 7:56:26 AM,2.022483,0.08344154,2.935317,0.01494039,-0.8037139,0.1115
10/22/2020 7:56:26 AM,2.022933,0.08354095,2.935584,0.012744,-0.8043148,0.1096083
10/22/2020 7:56:26 AM,2.023313,0.08363301,2.935891,0.0114269,-0.8046852,0.1083443
10/22/2020 7:56:26 AM,2.024125,0.08420338,2.936178,0.01041419,-0.8047916,0.1072018
10/22/2020 7:56:26 AM,2.024948,0.08495314,2.936471,0.009399334,-0.8049517,0.1058875
10/22/2020 7:56:26 AM,2.024836,0.08641171,2.936413,0.007408158,-0.8052399,0.1031698
10/22/2020 7:56:26 AM,2.025233,0.08755942,2.936445,0.004324433,-0.8058397,0.09879453
10/22/2020 7:56:26 AM,2.025877,0.08823435,2.93672,0.001410235,-0.8064461,0.09458128
10/22/2020 7:56:26 AM,2.02559,0.08862259,2.936922,-0.001587868,-0.8069128,0.09047297
10/22/2020 7:56:26 AM,2.025543,0.09008701,2.936928,-0.005748053,-0.8072506,0.08649793
10/22/2020 7:56:26 AM,2.025947,0.09195574,2.937198,-0.01175367,-0.8077816,0.08069285
10/22/2020 7:56:26 AM,2.026137,0.09298219,2.937536,-0.01880838,-0.8079712,0.07498784
10/22/2020 7:56:26 AM,2.026095,0.0937216,2.937942,-0.02577598,-0.8079191,0.06966633
10/22/2020 7:56:26 AM,2.02633,0.09421165,2.937961,-0.03271618,-0.808235,0.06536844
10/22/2020 7:56:26 AM,2.026627,0.09472201,2.937863,-0.03618398,-0.8092239,0.06149
10/22/2020 7:56:26 AM,2.026826,0.09453058,2.938058,-0.03689413,-0.8102992,0.05902266
10/22/2020 7:56:26 AM,2.027011,0.09405005,2.938203,-0.03497665,-0.8109068,0.05825927
10/22/2020 7:56:26 AM,2.027757,0.09336755,2.938286,-0.03140081,-0.8110809,0.05861549
10/22/2020 7:56:26 AM,2.028464,0.09302248,2.938021,-0.02752045,-0.8109352,0.06016319
10/22/2020 7:56:26 AM,2.029267,0.09248556,2.937615,-0.02470247,-0.8108588,0.06206482
10/22/2020 7:56:26 AM,2.029689,0.09221931,2.937272,-0.02340929,-0.8108023,0.06473641
10/22/2020 7:56:26 AM,2.030076,0.09221284,2.936955,-0.02323432,-0.8107245,0.06645834
10/22/2020 7:56:26 AM,2.03059,0.09196003,2.936632,-0.02247632,-0.8105354,0.06721395
10/22/2020 7:56:26 AM,2.03052,0.09137068,2.936104,-0.02142063,-0.8101596,0.06776287
10/22/2020 7:56:26 AM,2.031005,0.09099527,2.935488,-0.02059789,-0.8098435,0.06899908
10/22/2020 7:56:26 AM,2.031315,0.09082001,2.934916,-0.01987509,-0.8096111,0.07048444
10/22/2020 7:56:26 AM,2.031451,0.09108122,2.93407,-0.0194351,-0.8094559,0.07113824
10/22/2020 7:56:26 AM,2.03162,0.09068625,2.933218,-0.01906375,-0.8098572,0.07137831
10/22/2020 7:56:26 AM,2.031389,0.09018869,2.932541,-0.0182973,-0.810222,0.07211463
10/22/2020 7:56:26 AM,2.031599,0.08996418,2.932175,-0.01632915,-0.8097353,0.07353678
10/22/2020 7:56:26 AM,2.032732,0.08981128,2.931666,-0.01481425,-0.8090283,0.07485425
10/22/2020 7:56:26 AM,2.032358,0.08958285,2.930686,-0.01315873,-0.8083817,0.07608294
10/22/2020 7:56:26 AM,2.033694,0.08958796,2.929923,-0.01195988,-0.8079402,0.07751714
10/22/2020 7:56:26 AM,2.034694,0.0898899,2.929232,-0.01020169,-0.8077842,0.07815314
10/22/2020 7:56:26 AM,2.035134,0.08941645,2.928458,-0.008390379,-0.8077176,0.07961246
10/22/2020 7:56:26 AM,2.035758,0.08983864,2.927658,-0.007192483,-0.807671,0.08020184
10/22/2020 7:56:26 AM,2.035996,0.09002005,2.926486,-0.007164773,-0.8077284,0.08021378
10/22/2020 7:56:26 AM,2.036374,0.09014688,2.925569,-0.008310626,-0.8084471,0.07928491
10/22/2020 7:56:26 AM,2.03618,0.08996969,2.924756,-0.008643963,-0.8088487,0.07936344
10/22/2020 7:56:26 AM,2.03595,0.08964027,2.92397,-0.008548749,-0.8092838,0.07968337
10/22/2020 7:56:26 AM,2.035837,0.08949797,2.923361,-0.007091596,-0.8093567,0.08091242
10/22/2020 7:56:26 AM,2.035387,0.08989275,2.922525,-0.004650812,-0.8088145,0.08219323
10/22/2020 7:56:26 AM,2.034561,0.09046976,2.921121,-0.00313803,-0.8079901,0.0829632
10/22/2020 7:56:26 AM,2.034248,0.0905071,2.9202,-0.005214918,-0.8077426,0.08328284
10/22/2020 7:56:26 AM,2.033544,0.08977193,2.919206,-0.007710605,-0.8077036,0.08506697
10/22/2020 7:56:26 AM,2.032867,0.08935235,2.918628,-0.009231761,-0.8079785,0.08762927
10/22/2020 7:56:26 AM,2.032071,0.0892607,2.917982,-0.009754875,-0.8080848,0.08992132
10/22/2020 7:56:26 AM,2.03129,0.08876073,2.917146,-0.009445157,-0.8082124,0.09127913
10/22/2020 7:56:26 AM,2.030361,0.08858932,2.916281,-0.008015104,-0.8083748,0.09275203
10/22/2020 7:56:26 AM,2.02979,0.08841705,2.915311,-0.006245426,-0.8087839,0.09349148
10/22/2020 7:56:26 AM,2.028807,0.0883229,2.91427,-0.004601971,-0.80914,0.09424026
10/22/2020 7:56:26 AM,2.028153,0.08791827,2.913151,-0.003234945,-0.8097551,0.09428897
10/22/2020 7:56:26 AM,2.027571,0.0876512,2.912079,-0.002326261,-0.8105806,0.09489202
10/22/2020 7:56:26 AM,2.026747,0.08814955,2.910645,-0.00214064,-0.8117995,0.09381843
10/22/2020 7:56:26 AM,2.026098,0.08678401,2.909822,-0.0019597,-0.8129996,0.09431837
10/22/2020 7:56:26 AM,2.025505,0.08578096,2.909009,-0.0008839024,-0.8139557,0.09484628
10/22/2020 7:56:26 AM,2.02484,0.08536687,2.907909,0.002109652,-0.8139129,0.09742438
10/22/2020 7:56:26 AM,2.02473,0.08532718,2.906468,0.004240603,-0.8144394,0.09704556
10/22/2020 7:56:27 AM,2.024286,0.08280635,2.905129,0.006453803,-0.8146952,0.09973443
10/22/2020 7:56:27 AM,2.024354,0.08181323,2.90392,0.008374476,-0.8151793,0.1038598
10/22/2020 7:56:27 AM,2.024333,0.08183937,2.902911,0.008212336,-0.8157101,0.1084437
10/22/2020 7:56:27 AM,2.023222,0.08015887,2.902003,0.006277482,-0.816562,0.1111591
10/22/2020 7:56:27 AM,2.022312,0.07794848,2.901105,0.007232762,-0.8170903,0.1159026
10/22/2020 7:56:27 AM,2.021639,0.07569082,2.900528,0.00990996,-0.8171912,0.1225147
10/22/2020 7:56:27 AM,2.021163,0.07460614,2.899527,0.01408674,-0.8173316,0.1289589
10/22/2020 7:56:27 AM,2.021029,0.07402461,2.898666,0.01797008,-0.818144,0.1335074
10/22/2020 7:56:27 AM,2.020853,0.07158643,2.898148,0.02168688,-0.818718,0.1381794
10/22/2020 7:56:27 AM,2.020671,0.06913626,2.89783,0.02591292,-0.8188109,0.1441121
10/22/2020 7:56:27 AM,2.020906,0.06848775,2.897304,0.03229767,-0.817997,0.1521942
10/22/2020 7:56:27 AM,2.021652,0.06745526,2.896814,0.03744229,-0.8175279,0.156529
10/22/2020 7:56:27 AM,2.022973,0.06663112,2.896429,0.04395769,-0.8168416,0.1620701
10/22/2020 7:56:27 AM,2.024188,0.06745076,2.895777,0.04990187,-0.8156708,0.1663186
10/22/2020 7:56:27 AM,2.025611,0.06835185,2.895145,0.05255653,-0.8149903,0.1674097
10/22/2020 7:56:27 AM,2.025717,0.06928888,2.893731,0.05106784,-0.8147463,0.1655649
10/22/2020 7:56:27 AM,2.026315,0.07126302,2.892464,0.04814411,-0.8152998,0.164202
10/22/2020 7:56:27 AM,2.025834,0.0728122,2.890899,0.03839588,-0.8182039,0.1579429
10/22/2020 7:56:27 AM,2.024479,0.07252352,2.890164,0.03011306,-0.8216175,0.1517718
10/22/2020 7:56:27 AM,2.022938,0.07176839,2.889734,0.02394935,-0.8240294,0.1463125
10/22/2020 7:56:27 AM,2.02178,0.0703826,2.889305,0.02362464,-0.8251834,0.1444785
10/22/2020 7:56:27 AM,2.020803,0.06913062,2.888888,0.0250377,-0.8255494,0.1458539
10/22/2020 7:56:27 AM,2.019735,0.06934414,2.888148,0.02878546,-0.8255019,0.1495918
10/22/2020 7:56:27 AM,2.019121,0.06929439,2.887639,0.0300738,-0.8261011,0.1510429
10/22/2020 7:56:27 AM,2.017572,0.06882044,2.886926,0.0314435,-0.8266957,0.1526935
10/22/2020 7:56:27 AM,2.01659,0.06894068,2.886203,0.03281553,-0.8270632,0.1543369
10/22/2020 7:56:27 AM,2.015599,0.06941052,2.885476,0.03425051,-0.8274316,0.1555602
10/22/2020 7:56:27 AM,2.013312,0.06927708,2.88416,0.03325526,-0.8279068,0.1549289
10/22/2020 7:56:27 AM,2.01247,0.06848858,2.883309,0.0326895,-0.8284063,0.1548678
10/22/2020 7:56:27 AM,2.011661,0.06749634,2.882598,0.03230181,-0.8287873,0.1565319
10/22/2020 7:56:27 AM,2.010813,0.06628845,2.882282,0.03283645,-0.8286214,0.1600745
10/22/2020 7:56:27 AM,2.009975,0.06617677,2.881829,0.03431349,-0.8279662,0.16484
10/22/2020 7:56:27 AM,2.008997,0.06666473,2.881141,0.03487018,-0.8276168,0.1675163
10/22/2020 7:56:27 AM,2.008358,0.06719916,2.880493,0.03472522,-0.8277262,0.1680685
10/22/2020 7:56:27 AM,2.007428,0.06717913,2.879938,0.03420109,-0.8280003,0.1687007
10/22/2020 7:56:27 AM,2.006527,0.06686382,2.879478,0.03305275,-0.8285016,0.1689788
10/22/2020 7:56:27 AM,2.00553,0.06672763,2.879135,0.03216424,-0.8289278,0.1692287
10/22/2020 7:56:27 AM,2.004751,0.06649295,2.878906,0.03116457,-0.8292212,0.1698583
10/22/2020 7:56:27 AM,2.00394,0.06661561,2.878679,0.03036045,-0.829545,0.1705347
10/22/2020 7:56:27 AM,2.002967,0.06663036,2.878366,0.02997659,-0.8298171,0.1715337
10/22/2020 7:56:27 AM,2.002301,0.06613949,2.878193,0.02940634,-0.8303204,0.1724297
10/22/2020 7:56:27 AM,2.001544,0.06629868,2.877886,0.02881545,-0.8308986,0.1741504
10/22/2020 7:56:27 AM,2.000443,0.06731422,2.87761,0.02762963,-0.8320174,0.1745367
10/22/2020 7:56:27 AM,1.999043,0.0664345,2.877699,0.02602155,-0.8328549,0.1741179
10/22/2020 7:56:27 AM,1.998604,0.06570058,2.878078,0.02556473,-0.8329385,0.1753686
10/22/2020 7:56:27 AM,1.997761,0.06502739,2.878238,0.0258976,-0.8322839,0.1781081
10/22/2020 7:56:27 AM,1.997422,0.06586376,2.878171,0.02618406,-0.8316718,0.1802785
10/22/2020 7:56:27 AM,1.996901,0.06592689,2.878247,0.02596173,-0.8317105,0.1805093
10/22/2020 7:56:27 AM,1.996505,0.0652741,2.878723,0.02542075,-0.8314999,0.1814486
10/22/2020 7:56:27 AM,1.996207,0.06541713,2.879113,0.02475956,-0.8314161,0.1827976
10/22/2020 7:56:27 AM,1.995805,0.06549753,2.879603,0.02402406,-0.8314279,0.1835877
10/22/2020 7:56:27 AM,1.995819,0.06531584,2.880415,0.02255679,-0.8315446,0.1843957
10/22/2020 7:56:27 AM,1.995805,0.06608693,2.881186,0.02127785,-0.831702,0.1846683
10/22/2020 7:56:27 AM,1.995257,0.06577927,2.88206,0.01919403,-0.8318985,0.1847553
10/22/2020 7:56:27 AM,1.994924,0.06640846,2.882951,0.01784292,-0.8320626,0.1852727
10/22/2020 7:56:27 AM,1.994835,0.06711888,2.883926,0.01610004,-0.8323233,0.1845755
10/22/2020 7:56:27 AM,1.994817,0.06782516,2.885,0.01516938,-0.8324939,0.1833585
10/22/2020 7:56:27 AM,1.993597,0.06807415,2.885456,0.01408942,-0.8325267,0.1817767
10/22/2020 7:56:27 AM,1.993574,0.06845924,2.886349,0.01234075,-0.832785,0.1799165
10/22/2020 7:56:27 AM,1.993207,0.06868179,2.88741,0.01079475,-0.832986,0.1792087
10/22/2020 7:56:28 AM,1.992772,0.06877677,2.888515,0.009216039,-0.8333767,0.1779675
10/22/2020 7:56:28 AM,1.992246,0.06889642,2.889845,0.008240197,-0.8334592,0.1775868
10/22/2020 7:56:28 AM,1.991686,0.06911945,2.891014,0.008215931,-0.8335558,0.1760954
10/22/2020 7:56:28 AM,1.991082,0.06909043,2.892143,0.008706481,-0.8331791,0.1752837
10/22/2020 7:56:28 AM,1.990887,0.06931384,2.893209,0.00867103,-0.8330386,0.1743215
10/22/2020 7:56:28 AM,1.990141,0.0694484,2.894201,0.007787026,-0.8333255,0.1728119
10/22/2020 7:56:28 AM,1.989339,0.06914331,2.8953,0.00732998,-0.8336068,0.1711614
10/22/2020 7:56:28 AM,1.988774,0.06900641,2.896584,0.007767649,-0.8338001,0.1694592
10/22/2020 7:56:28 AM,1.988249,0.06847651,2.897919,0.00872168,-0.8336242,0.1683113
10/22/2020 7:56:28 AM,1.987817,0.06782501,2.899225,0.01005343,-0.8332071,0.1679521
10/22/2020 7:56:28 AM,1.987738,0.068133,2.900263,0.01180085,-0.83241,0.1682349
10/22/2020 7:56:28 AM,1.98754,0.06847537,2.900978,0.01277872,-0.8322372,0.1671011
10/22/2020 7:56:28 AM,1.987365,0.06827131,2.902035,0.01323715,-0.8320871,0.1663547
10/22/2020 7:56:28 AM,1.987095,0.06800529,2.903026,0.01363995,-0.8318387,0.1660045
10/22/2020 7:56:28 AM,1.987228,0.0682344,2.903989,0.01529102,-0.8313754,0.1663484
10/22/2020 7:56:28 AM,1.987047,0.06871757,2.904672,0.01749836,-0.8307691,0.1665368
10/22/2020 7:56:28 AM,1.987247,0.06926953,2.905276,0.0192212,-0.8304157,0.1666217
10/22/2020 7:56:28 AM,1.987282,0.06980833,2.905877,0.02023865,-0.8303611,0.166167
10/22/2020 7:56:28 AM,1.987295,0.07011848,2.906492,0.01986094,-0.8307829,0.1654455
10/22/2020 7:56:28 AM,1.987474,0.07018247,2.907297,0.01820323,-0.8316305,0.1637175
10/22/2020 7:56:28 AM,1.987582,0.07035195,2.908225,0.01796634,-0.8321364,0.1633191
10/22/2020 7:56:28 AM,1.987612,0.0709188,2.909037,0.01762634,-0.8326192,0.162321
10/22/2020 7:56:28 AM,1.98764,0.07100973,2.909953,0.01761856,-0.8328747,0.1613429
10/22/2020 7:56:28 AM,1.987992,0.07144067,2.910644,0.01826284,-0.8329743,0.1601815
10/22/2020 7:56:28 AM,1.988235,0.07154939,2.911396,0.01875637,-0.833038,0.1587418
10/22/2020 7:56:28 AM,1.988485,0.07190673,2.911975,0.01910658,-0.8330247,0.1572966
10/22/2020 7:56:28 AM,1.98864,0.07203619,2.91256,0.01909177,-0.832899,0.1558516
10/22/2020 7:56:28 AM,1.988943,0.07233972,2.912996,0.01890457,-0.8327634,0.1544604
10/22/2020 7:56:28 AM,1.988843,0.07264167,2.913475,0.01824114,-0.8325499,0.1527269
10/22/2020 7:56:28 AM,1.988959,0.0724819,2.913832,0.01712065,-0.8321972,0.1514329
10/22/2020 7:56:28 AM,1.98895,0.07245652,2.914189,0.01584318,-0.8317876,0.1507209
10/22/2020 7:56:28 AM,1.98907,0.07263741,2.914432,0.01435884,-0.8316015,0.1501438
10/22/2020 7:56:28 AM,1.989045,0.07249901,2.914827,0.01302076,-0.8313563,0.149863
10/22/2020 7:56:28 AM,1.989078,0.07246129,2.915006,0.01207927,-0.8311444,0.1500895
10/22/2020 7:56:28 AM,1.989172,0.07240917,2.915298,0.01132125,-0.8310549,0.1500886
10/22/2020 7:56:28 AM,1.989437,0.07227467,2.915522,0.01091941,-0.8311812,0.1505974
10/22/2020 7:56:28 AM,1.989377,0.07233171,2.915747,0.01097632,-0.83137,0.1511715
10/22/2020 7:56:28 AM,1.989514,0.07210149,2.915971,0.01068447,-0.8315584,0.1516692
10/22/2020 7:56:28 AM,1.989515,0.07190546,2.916266,0.01048061,-0.8317324,0.1520525
10/22/2020 7:56:28 AM,1.989794,0.07197067,2.916568,0.01046785,-0.8319909,0.152407
10/22/2020 7:56:28 AM,1.989847,0.07181427,2.916913,0.01046772,-0.8321744,0.1525487
10/22/2020 7:56:28 AM,1.990138,0.07181621,2.917203,0.01050166,-0.832388,0.1526779
10/22/2020 7:56:28 AM,1.990371,0.07189097,2.917563,0.01050972,-0.832543,0.1526166
10/22/2020 7:56:28 AM,1.990736,0.07166179,2.917931,0.01055096,-0.8327024,0.1525331
10/22/2020 7:56:28 AM,1.990967,0.07168587,2.91835,0.01068859,-0.8327782,0.152504
10/22/2020 7:56:28 AM,1.991279,0.07151536,2.918662,0.01092073,-0.8328871,0.1521829
10/22/2020 7:56:28 AM,1.991778,0.07136664,2.919096,0.01125082,-0.8330013,0.1520444
10/22/2020 7:56:28 AM,1.992334,0.07123284,2.919468,0.01188103,-0.8331053,0.1520206
10/22/2020 7:56:28 AM,1.992834,0.07102512,2.920087,0.0114867,-0.8331943,0.1520408
10/22/2020 7:56:28 AM,1.993306,0.07140131,2.920354,0.01163055,-0.833298,0.1514693
10/22/2020 7:56:28 AM,1.993749,0.07134881,2.920804,0.0115086,-0.8335564,0.1504474
10/22/2020 7:56:28 AM,1.994307,0.07140259,2.921191,0.01131298,-0.8337379,0.1498868
10/22/2020 7:56:28 AM,1.994737,0.07146847,2.921655,0.01132167,-0.8338643,0.1492864
10/22/2020 7:56:28 AM,1.995404,0.07155056,2.922081,0.01114709,-0.8340151,0.1489156
10/22/2020 7:56:28 AM,1.99597,0.07171547,2.922577,0.01106885,-0.8340749,0.1486698
10/22/2020 7:56:28 AM,1.996532,0.07206707,2.922935,0.01093177,-0.8341176,0.148207
10/22/2020 7:56:28 AM,1.997038,0.07220951,2.923409,0.01028641,-0.8341523,0.1475866
10/22/2020 7:56:28 AM,1.997475,0.07254571,2.92371,0.009606419,-0.8342859,0.1467461
10/22/2020 7:56:28 AM,1.998141,0.07289267,2.924179,0.008507098,-0.8346462,0.1454302
10/22/2020 7:56:28 AM,1.998556,0.07303182,2.924502,0.008100433,-0.8347952,0.1442141
10/22/2020 7:56:29 AM,1.999139,0.07316943,2.924924,0.007706976,-0.8348792,0.1428322
10/22/2020 7:56:29 AM,1.999824,0.07335152,2.925223,0.007413217,-0.8348941,0.141955
10/22/2020 7:56:29 AM,2.000256,0.0733684,2.925535,0.006475049,-0.8348616,0.1408561
10/22/2020 7:56:29 AM,2.000751,0.07356849,2.925714,0.006171482,-0.8347716,0.1401135
10/22/2020 7:56:29 AM,2.001334,0.07386045,2.925973,0.00557981,-0.8346058,0.1392777
10/22/2020 7:56:29 AM,2.001856,0.07394542,2.926158,0.004897924,-0.8344525,0.1386646
10/22/2020 7:56:29 AM,2.002436,0.0739684,2.926454,0.004533706,-0.8343678,0.1379365
10/22/2020 7:56:29 AM,2.002959,0.07399231,2.926642,0.004501637,-0.834069,0.1373883
10/22/2020 7:56:29 AM,2.00369,0.07382244,2.926925,0.004276625,-0.8336412,0.1375511
10/22/2020 7:56:29 AM,2.004308,0.07404526,2.927036,0.003488962,-0.8333319,0.1386474
10/22/2020 7:56:29 AM,2.004654,0.07437308,2.927173,0.002834881,-0.8331293,0.1389853
10/22/2020 7:56:29 AM,2.004906,0.07479983,2.92722,0.002049922,-0.8330153,0.1386291
10/22/2020 7:56:29 AM,2.005277,0.07487632,2.927441,0.001081545,-0.8329676,0.1382976
10/22/2020 7:56:29 AM,2.005582,0.07499355,2.92756,0.0004899781,-0.8329445,0.137811
10/22/2020 7:56:29 AM,2.005813,0.07501531,2.927819,0.0002992132,-0.8327386,0.1373926
10/22/2020 7:56:29 AM,2.006001,0.07488009,2.927814,0.000140848,-0.8324014,0.1369225
10/22/2020 7:56:29 AM,2.005965,0.07481591,2.928077,-6.439492E-05,-0.8319671,0.1371611
10/22/2020 7:56:29 AM,2.005882,0.07460903,2.928142,-0.0009935162,-0.8312147,0.1376299
10/22/2020 7:56:29 AM,2.005935,0.07435216,2.928306,-0.001620461,-0.8305938,0.1384224
10/22/2020 7:56:29 AM,2.005816,0.07403566,2.928504,-0.001884515,-0.8298153,0.1396154
10/22/2020 7:56:29 AM,2.005654,0.07393238,2.928707,-0.001505671,-0.8287281,0.1412836
10/22/2020 7:56:29 AM,2.005599,0.07382812,2.928773,-0.0007277587,-0.8276049,0.1430136
10/22/2020 7:56:29 AM,2.005675,0.07382825,2.928906,6.480389E-05,-0.8267611,0.1442272
10/22/2020 7:56:29 AM,2.005704,0.0738793,2.928904,0.001220553,-0.8261564,0.1450816
10/22/2020 7:56:29 AM,2.005782,0.07396946,2.928984,0.001933694,-0.8257869,0.1457194
10/22/2020 7:56:29 AM,2.005669,0.07414606,2.929003,0.002461324,-0.8256375,0.1457701
10/22/2020 7:56:29 AM,2.005707,0.07401191,2.929198,0.002872258,-0.8255044,0.1456186
10/22/2020 7:56:29 AM,2.005635,0.07403141,2.929316,0.003697366,-0.8253295,0.1457676
10/22/2020 7:56:29 AM,2.005449,0.07368692,2.929599,0.003544651,-0.8248212,0.1454024
10/22/2020 7:56:29 AM,2.005414,0.07354435,2.929678,0.004107986,-0.8242522,0.145672
10/22/2020 7:56:29 AM,2.005602,0.07358421,2.929779,0.004571743,-0.8237592,0.1457227
10/22/2020 7:56:29 AM,2.005524,0.07341191,2.929897,0.004881131,-0.8232183,0.1455882
10/22/2020 7:56:29 AM,2.005694,0.07355252,2.930225,0.005223014,-0.8227205,0.145725
10/22/2020 7:56:29 AM,2.005623,0.07353796,2.930326,0.005004812,-0.8220453,0.1454272
10/22/2020 7:56:29 AM,2.005705,0.07383984,2.930439,0.004956025,-0.8214655,0.1451354
10/22/2020 7:56:29 AM,2.005878,0.07376711,2.930602,0.004422777,-0.8211266,0.1447992
10/22/2020 7:56:29 AM,2.005952,0.07387454,2.930717,0.003870049,-0.8207692,0.1446464
10/22/2020 7:56:29 AM,2.005981,0.07390492,2.930833,0.003418552,-0.8205155,0.1444485
10/22/2020 7:56:29 AM,2.005965,0.0737544,2.931027,0.002985352,-0.8202552,0.1442388
10/22/2020 7:56:29 AM,2.006085,0.0738164,2.931092,0.00274964,-0.8199842,0.1442189
10/22/2020 7:56:29 AM,2.006254,0.07393044,2.931258,0.002552781,-0.8198997,0.1440435
10/22/2020 7:56:29 AM,2.006308,0.07386662,2.931357,0.002355628,-0.8200091,0.144005
10/22/2020 7:56:29 AM,2.006508,0.07393724,2.931571,0.002175561,-0.820256,0.1437705
10/22/2020 7:56:29 AM,2.006533,0.07397008,2.931697,0.002027655,-0.8205354,0.1433985
10/22/2020 7:56:29 AM,2.006626,0.07384817,2.931999,0.001871727,-0.8208015,0.1430608
10/22/2020 7:56:29 AM,2.006612,0.07395315,2.932146,0.001627744,-0.8210273,0.1426919
10/22/2020 7:56:29 AM,2.006561,0.07400666,2.932355,0.001277987,-0.8212352,0.1421423
10/22/2020 7:56:29 AM,2.006568,0.07399421,2.932562,0.0009212354,-0.8214347,0.1415294
10/22/2020 7:56:29 AM,2.00643,0.0739826,2.932753,0.0007050757,-0.8216363,0.1407465
10/22/2020 7:56:29 AM,2.00636,0.07395169,2.932991,0.000867226,-0.8219079,0.1399753
10/22/2020 7:56:29 AM,2.006183,0.07375689,2.933136,0.0008505506,-0.8220819,0.1392081
10/22/2020 7:56:29 AM,2.006012,0.07370071,2.933225,0.0009818412,-0.8222501,0.1387146
10/22/2020 7:56:29 AM,2.005761,0.07360728,2.933471,0.0009429945,-0.8225169,0.1379805
10/22/2020 7:56:29 AM,2.005335,0.07351543,2.933504,0.001193404,-0.8225747,0.1371829
10/22/2020 7:56:29 AM,2.004913,0.07369484,2.933517,0.001504322,-0.8226854,0.1360695
10/22/2020 7:56:29 AM,2.004413,0.0737028,2.933325,0.001634884,-0.8229293,0.1349478
10/22/2020 7:56:29 AM,2.003771,0.07398482,2.933072,0.001488628,-0.8233293,0.1338108
10/22/2020 7:56:29 AM,2.002753,0.0746918,2.932727,0.001397889,-0.8237799,0.1322781
10/22/2020 7:56:29 AM,2.001369,0.07548233,2.932263,0.001393032,-0.8241816,0.1302087
10/22/2020 7:56:30 AM,1.999908,0.0758227,2.931592,0.001408739,-0.8246368,0.1271409
10/22/2020 7:56:30 AM,1.998283,0.07588193,2.930723,0.001848438,-0.8250759,0.1235842
10/22/2020 7:56:30 AM,1.996513,0.07598623,2.929639,0.00213836,-0.8254271,0.1209218
10/22/2020 7:56:30 AM,1.994616,0.07628629,2.92833,0.002803175,-0.8258148,0.1184862
10/22/2020 7:56:30 AM,1.992492,0.07652021,2.926891,0.003801231,-0.826046,0.1166716
10/22/2020 7:56:30 AM,1.990171,0.07693582,2.925519,0.005322891,-0.8259798,0.1152352
10/22/2020 7:56:30 AM,1.987643,0.07712953,2.924135,0.00727675,-0.8255391,0.1142605
10/22/2020 7:56:30 AM,1.984936,0.07730691,2.922514,0.009907522,-0.8245702,0.1136026
10/22/2020 7:56:30 AM,1.982045,0.07699125,2.920953,0.01329529,-0.8229132,0.1136104
10/22/2020 7:56:30 AM,1.979065,0.07703827,2.919296,0.01544424,-0.8217331,0.1131297
10/22/2020 7:56:30 AM,1.976435,0.07727681,2.917656,0.01828407,-0.8203008,0.1134313
10/22/2020 7:56:30 AM,1.973365,0.07869859,2.91551,0.02067706,-0.8190939,0.1125435
10/22/2020 7:56:30 AM,1.969973,0.08012993,2.913065,0.02283475,-0.8185225,0.1091518
10/22/2020 7:56:30 AM,1.966884,0.08116447,2.910665,0.02469274,-0.8182361,0.1055622
10/22/2020 7:56:30 AM,1.963218,0.08122022,2.908355,0.02633225,-0.8181481,0.1015979
10/22/2020 7:56:30 AM,1.958426,0.08498096,2.905555,0.02806766,-0.8170707,0.09973425
10/22/2020 7:56:30 AM,1.954456,0.08658141,2.902876,0.02802298,-0.8167731,0.09638965
10/22/2020 7:56:30 AM,1.950088,0.08621382,2.900609,0.03258565,-0.8154842,0.09385937
10/22/2020 7:56:30 AM,1.945983,0.08772718,2.89804,0.03751957,-0.8133944,0.09165853
10/22/2020 7:56:30 AM,1.941292,0.08947206,2.895249,0.03978336,-0.8115169,0.08778872
10/22/2020 7:56:30 AM,1.937159,0.09018559,2.893115,0.04196985,-0.8099449,0.08440801
10/22/2020 7:56:30 AM,1.932576,0.09043788,2.891283,0.04562018,-0.8077627,0.08141325
10/22/2020 7:56:30 AM,1.927532,0.09056851,2.8895,0.05000819,-0.804601,0.07934767
10/22/2020 7:56:30 AM,1.922851,0.0901647,2.887987,0.05316029,-0.8013487,0.07824699
10/22/2020 7:56:30 AM,1.918194,0.08961019,2.886334,0.05635553,-0.7981359,0.07856163
10/22/2020 7:56:30 AM,1.914183,0.08912368,2.884945,0.05866968,-0.7959578,0.07923119
10/22/2020 7:56:30 AM,1.909886,0.08968819,2.88379,0.06149113,-0.7949082,0.07940321
10/22/2020 7:56:30 AM,1.904933,0.0902838,2.883259,0.06309777,-0.7946231,0.07800279
10/22/2020 7:56:30 AM,1.899613,0.09018588,2.883347,0.06298577,-0.7941247,0.077793
10/22/2020 7:56:30 AM,1.894511,0.09044255,2.883812,0.06270222,-0.7936927,0.07840438
10/22/2020 7:56:30 AM,1.889369,0.09004228,2.884533,0.0631958,-0.7935389,0.08027276
10/22/2020 7:56:30 AM,1.884539,0.08962142,2.886028,0.06580446,-0.7935078,0.08243363
10/22/2020 7:56:30 AM,1.879898,0.08994451,2.887984,0.06881566,-0.7937232,0.08458845
10/22/2020 7:56:30 AM,1.875345,0.09000769,2.889925,0.07047994,-0.7940415,0.08576588
10/22/2020 7:56:30 AM,1.870924,0.08928131,2.892694,0.07147957,-0.7950628,0.08755171
10/22/2020 7:56:30 AM,1.866682,0.08904189,2.896092,0.07145997,-0.7964734,0.08898255
10/22/2020 7:56:30 AM,1.862233,0.08848615,2.900028,0.07140087,-0.7981981,0.08973017
10/22/2020 7:56:30 AM,1.857413,0.087919,2.904642,0.0719341,-0.7999055,0.08987539
10/22/2020 7:56:30 AM,1.852738,0.0871949,2.909521,0.07235179,-0.8015775,0.08910229
10/22/2020 7:56:30 AM,1.84852,0.08673592,2.914827,0.07344818,-0.8035435,0.08851412
10/22/2020 7:56:30 AM,1.84444,0.08586885,2.920465,0.07397167,-0.8060538,0.08773694
10/22/2020 7:56:30 AM,1.840447,0.08515523,2.92678,0.07468648,-0.8089384,0.08730049
10/22/2020 7:56:30 AM,1.836618,0.08442284,2.933331,0.07496148,-0.8122876,0.08628475
10/22/2020 7:56:30 AM,1.83251,0.0835524,2.940371,0.07428171,-0.8164747,0.08471295
10/22/2020 7:56:30 AM,1.829172,0.08335827,2.947789,0.07393914,-0.8212388,0.08382937
10/22/2020 7:56:30 AM,1.825235,0.08206066,2.956301,0.07419737,-0.8265722,0.08243273
10/22/2020 7:56:30 AM,1.821079,0.08128966,2.964821,0.07440683,-0.8309658,0.08138872
10/22/2020 7:56:30 AM,1.817023,0.08046566,2.973756,0.07522089,-0.8356911,0.0777078
10/22/2020 7:56:30 AM,1.813164,0.07852485,2.982455,0.07702018,-0.8400394,0.0749879
10/22/2020 7:56:30 AM,1.809427,0.07697834,2.991381,0.07756462,-0.8445501,0.07242419
10/22/2020 7:56:30 AM,1.806218,0.0734483,3.000388,0.07511488,-0.8498256,0.07249504
10/22/2020 7:56:30 AM,1.803136,0.07077067,3.010858,0.07123353,-0.855809,0.07667876
10/22/2020 7:56:30 AM,1.799284,0.06921362,3.022307,-0.06602914,0.8625677,-0.081941
10/22/2020 7:56:30 AM,1.795146,0.0675035,3.034843,-0.06071929,0.868713,-0.0838168
10/22/2020 7:56:30 AM,1.791405,0.06559263,3.047047,-0.05863657,0.8741003,-0.08506321
10/22/2020 7:56:30 AM,1.7881,0.06279268,3.060259,-0.05602198,0.8792103,-0.08459187
10/22/2020 7:56:30 AM,1.784736,0.06035189,3.072901,-0.05331635,0.8840979,-0.08479038
10/22/2020 7:56:30 AM,1.782511,0.05553851,3.086914,-0.04771179,0.8892642,-0.08508728
10/22/2020 7:56:30 AM,1.78196,0.05211099,3.10091,-0.04263911,0.8944997,-0.09188148
10/22/2020 7:56:30 AM,1.779497,0.05361941,3.11442,-0.03675625,0.9006979,-0.09837732
10/22/2020 7:56:30 AM,1.776121,0.05633672,3.128791,-0.02840924,0.9081268,-0.09420341
10/22/2020 7:56:31 AM,1.770617,0.0576773,3.143032,-0.02357328,0.9139259,-0.09304997
10/22/2020 7:56:31 AM,1.765913,0.05883577,3.157876,-0.0172253,0.9187949,-0.09256606
10/22/2020 7:56:31 AM,1.760491,0.06020882,3.172645,-0.01792418,0.9227748,-0.09373236
10/22/2020 7:56:31 AM,1.755873,0.0619147,3.187153,-0.0179258,0.9256899,-0.09668618
10/22/2020 7:56:31 AM,1.750369,0.06522989,3.201234,-0.01961008,0.9274125,-0.1019886
10/22/2020 7:56:31 AM,1.745332,0.0710474,3.214491,-0.02543403,0.9280893,-0.1042423
10/22/2020 7:56:31 AM,1.739926,0.07299168,3.227909,-0.02846748,0.9294102,-0.1034834
10/22/2020 7:56:31 AM,1.735209,0.07403801,3.240699,-0.03410913,0.9298279,-0.1019043
10/22/2020 7:56:31 AM,1.730366,0.07577166,3.252886,-0.0381464,0.9303769,-0.09987338
10/22/2020 7:56:31 AM,1.725081,0.07759548,3.264495,-0.03970148,0.9314008,-0.09777614
10/22/2020 7:56:31 AM,1.719667,0.07914274,3.275612,-0.04160887,0.9328589,-0.09571993
10/22/2020 7:56:31 AM,1.713633,0.07877402,3.286628,-0.04498347,0.9343141,-0.09413105
10/22/2020 7:56:31 AM,1.707674,0.07959095,3.296912,-0.04743617,0.9348731,-0.09511301
10/22/2020 7:56:31 AM,1.701922,0.07908441,3.307722,-0.04786132,0.9362175,-0.09545548
10/22/2020 7:56:31 AM,1.695828,0.07845147,3.317448,-0.04869846,0.9373201,-0.09699315
10/22/2020 7:56:31 AM,1.688963,0.07816321,3.327796,-0.04765406,0.9388666,-0.09777719
10/22/2020 7:56:31 AM,1.681404,0.07777427,3.337466,-0.04679391,0.9399953,-0.09818929
10/22/2020 7:56:31 AM,1.673623,0.07774779,3.347059,-0.04725225,0.9409244,-0.09775063
10/22/2020 7:56:31 AM,1.665766,0.07738894,3.356272,-0.04938959,0.9418476,-0.09599427
10/22/2020 7:56:31 AM,1.657552,0.07645594,3.364963,-0.05178532,0.9426325,-0.09498328
10/22/2020 7:56:31 AM,1.649571,0.07551996,3.373182,-0.05490977,0.9432514,-0.0937271
10/22/2020 7:56:31 AM,1.641689,0.07478884,3.381091,-0.05781238,0.9438396,-0.09252648
10/22/2020 7:56:31 AM,1.633683,0.07417797,3.38841,-0.05908633,0.9446021,-0.09126431
10/22/2020 7:56:31 AM,1.625123,0.07358439,3.395754,-0.05945778,0.9456453,-0.08877178
10/22/2020 7:56:31 AM,1.616175,0.07253565,3.402009,-0.06126294,0.9462571,-0.08582823
10/22/2020 7:56:31 AM,1.60823,0.07081012,3.407761,-0.06237012,0.9469273,-0.08298458
10/22/2020 7:56:31 AM,1.600368,0.06906109,3.412997,-0.06191755,0.9481089,-0.08163112
10/22/2020 7:56:31 AM,1.592091,0.06693449,3.418274,-0.06105862,0.9493691,-0.08107249
10/22/2020 7:56:31 AM,1.58393,0.06527776,3.42308,-0.06130243,0.9502734,-0.0800949
10/22/2020 7:56:31 AM,1.576031,0.06296141,3.427076,-0.06116814,0.9510974,-0.07903101
10/22/2020 7:56:31 AM,1.567952,0.06183006,3.429949,-0.05975435,0.9520445,-0.07771126
10/22/2020 7:56:31 AM,1.55924,0.06104521,3.432519,-0.05640648,0.95322,-0.07551604
10/22/2020 7:56:31 AM,1.549973,0.06039477,3.434214,-0.05343345,0.9541184,-0.07351981
10/22/2020 7:56:31 AM,1.54126,0.0589887,3.435824,-0.05104818,0.9545485,-0.07275482
10/22/2020 7:56:31 AM,1.533212,0.0570204,3.436595,-0.04656003,0.9548505,-0.07468165
10/22/2020 7:56:31 AM,1.52466,0.05581632,3.437379,-0.03887586,0.9553378,-0.07851883
10/22/2020 7:56:31 AM,1.515274,0.05557681,3.437967,-0.03082501,0.9557688,-0.08274001
10/22/2020 7:56:31 AM,1.505923,0.05620262,3.438943,-0.0247786,0.9558552,-0.0856763
10/22/2020 7:56:31 AM,1.497446,0.05632668,3.439814,-0.02102263,0.9560747,-0.08704509
10/22/2020 7:56:31 AM,1.48921,0.05576124,3.439969,-0.0175539,0.9565436,-0.0877588
10/22/2020 7:56:31 AM,1.481083,0.05476419,3.440506,-0.01301931,0.9571242,-0.09053431
10/22/2020 7:56:31 AM,1.472432,0.05496488,3.440653,-0.007055623,0.957539,-0.09679002
10/22/2020 7:56:31 AM,1.462635,0.05968229,3.441429,-0.0006151515,0.9577723,-0.1053667
10/22/2020 7:56:31 AM,1.452743,0.06491422,3.442866,0.006724106,0.9584935,-0.1095329
10/22/2020 7:56:31 AM,1.442646,0.06595089,3.444771,0.004442711,0.9587069,-0.113971
10/22/2020 7:56:31 AM,1.434054,0.06614697,3.448296,0.002367473,0.9584224,-0.1170992
10/22/2020 7:56:31 AM,1.425065,0.06509163,3.451312,0.003406004,0.957715,-0.1198767
10/22/2020 7:56:31 AM,1.415461,0.06587068,3.454316,0.004649501,0.9567575,-0.1238684
10/22/2020 7:56:31 AM,1.404784,0.06772599,3.457899,0.007936247,0.9553401,-0.1276054
10/22/2020 7:56:31 AM,1.394691,0.06884856,3.461379,0.009786155,0.9532148,-0.1322731
10/22/2020 7:56:31 AM,1.385155,0.07102177,3.465349,0.009847241,0.9516174,-0.1372881
10/22/2020 7:56:31 AM,1.375858,0.07486755,3.468788,0.008541683,0.9506258,-0.1392513
10/22/2020 7:56:31 AM,1.366993,0.07617364,3.473046,0.007185138,0.9505553,-0.1400839
10/22/2020 7:56:31 AM,1.357172,0.0772717,3.477349,0.006762431,0.9501913,-0.1424006
10/22/2020 7:56:31 AM,1.347233,0.07824379,3.482399,0.007385002,0.9495466,-0.1442036
10/22/2020 7:56:31 AM,1.337283,0.07933822,3.48714,0.006190857,0.9487634,-0.1454119
10/22/2020 7:56:31 AM,1.32791,0.08050413,3.492057,0.005478246,0.9483954,-0.1455977
10/22/2020 7:56:31 AM,1.31802,0.08066552,3.496545,0.003496539,0.9483717,-0.1441407
10/22/2020 7:56:31 AM,1.308462,0.08076325,3.500934,4.427025E-05,0.9481263,-0.142588
10/22/2020 7:56:31 AM,1.299326,0.08043186,3.504759,-0.003767428,0.9479308,-0.1406647
10/22/2020 7:56:32 AM,1.291521,0.08005686,3.508276,-0.006860213,0.948198,-0.1392239
10/22/2020 7:56:32 AM,1.283172,0.07995834,3.511308,-0.008566707,0.9497643,-0.1374742
10/22/2020 7:56:32 AM,1.273831,0.07997771,3.514716,-0.00867527,0.9523033,-0.1334185
10/22/2020 7:56:32 AM,1.26309,0.07852581,3.517981,-0.009719021,0.9541731,-0.1294587
10/22/2020 7:56:32 AM,1.254343,0.07704592,3.521607,-0.01254399,0.9553041,-0.1271526
10/22/2020 7:56:32 AM,1.246342,0.07502137,3.525436,-0.01136859,0.9561969,-0.129255
10/22/2020 7:56:32 AM,1.237975,0.07463202,3.530281,-0.01105787,0.9577839,-0.1319074
10/22/2020 7:56:32 AM,1.228564,0.07360253,3.53495,-0.01088429,0.9589821,-0.1334461
10/22/2020 7:56:32 AM,1.219007,0.07236755,3.540744,-0.01099113,0.9597389,-0.1350903
10/22/2020 7:56:32 AM,1.209257,0.07121842,3.546749,-0.01006319,0.9599298,-0.136063
10/22/2020 7:56:32 AM,1.200263,0.06992528,3.553334,-0.01035349,0.9599201,-0.1362097
10/22/2020 7:56:32 AM,1.192443,0.06807096,3.560822,-0.009893188,0.9598982,-0.1370069
10/22/2020 7:56:32 AM,1.183685,0.06665437,3.568367,-0.007739864,0.9604399,-0.1377637
10/22/2020 7:56:32 AM,1.174404,0.06531835,3.575954,-0.006239238,0.9610423,-0.1380586
10/22/2020 7:56:32 AM,1.164804,0.06420237,3.584434,-0.004802017,0.9619233,-0.1368658
10/22/2020 7:56:32 AM,1.155111,0.06274379,3.593195,-0.00406123,0.9627678,-0.1360192
10/22/2020 7:56:32 AM,1.145526,0.06080411,3.602421,-0.004357037,0.9636159,-0.1349672
10/22/2020 7:56:32 AM,1.135972,0.05838247,3.611863,-0.004148691,0.9643495,-0.1346227
10/22/2020 7:56:32 AM,1.126436,0.05613716,3.622204,-0.002636139,0.9652768,-0.1342312
10/22/2020 7:56:32 AM,1.116647,0.0540499,3.632542,-0.0009499277,0.9662833,-0.1334445
10/22/2020 7:56:32 AM,1.10652,0.05146063,3.64377,0.001237893,0.9672307,-0.1326836
10/22/2020 7:56:32 AM,1.096246,0.04971737,3.655181,0.003062807,0.9678692,-0.132723
10/22/2020 7:56:32 AM,1.086149,0.04884024,3.666165,0.006859055,0.9686674,-0.131942
10/22/2020 7:56:32 AM,1.075515,0.04935703,3.677282,0.01085413,0.9693986,-0.1338607
10/22/2020 7:56:32 AM,1.064753,0.05373672,3.687693,0.01734099,0.9703725,-0.1356937
10/22/2020 7:56:32 AM,1.052315,0.0552403,3.698564,0.02202411,0.9721452,-0.1337235
10/22/2020 7:56:32 AM,1.039521,0.05864026,3.70878,0.02215964,0.9726368,-0.1345954
10/22/2020 7:56:32 AM,1.027283,0.06168521,3.719461,0.02615649,0.9729874,-0.1346008
10/22/2020 7:56:32 AM,1.015697,0.06501295,3.730315,0.02443777,0.9721632,-0.1380313
10/22/2020 7:56:32 AM,1.004501,0.07009879,3.740925,0.02442399,0.9708672,-0.1460505
10/22/2020 7:56:32 AM,0.9934862,0.07452609,3.750915,0.02449878,0.970808,-0.1440426
10/22/2020 7:56:32 AM,0.9833573,0.07647689,3.762577,0.02146118,0.969821,-0.148634
10/22/2020 7:56:32 AM,0.9737493,0.07974757,3.772571,0.01673612,0.9700156,-0.1472154
10/22/2020 7:56:32 AM,0.9644101,0.08130623,3.781448,0.01299679,0.9715757,-0.1413834
10/22/2020 7:56:32 AM,0.9545165,0.08428032,3.790374,0.01162452,0.9726297,-0.1386074
10/22/2020 7:56:32 AM,0.9444069,0.08588381,3.797875,0.01258893,0.9756004,-0.1271969
10/22/2020 7:56:32 AM,0.9345059,0.08506699,3.806086,0.01146572,0.9778821,-0.1209066
10/22/2020 7:56:32 AM,0.9247166,0.08556078,3.813467,0.008841327,0.979368,-0.121178
10/22/2020 7:56:32 AM,0.915045,0.086646,3.820542,0.00649133,0.9807804,-0.1187061
10/22/2020 7:56:32 AM,0.905601,0.08687067,3.827462,0.004335623,0.9818842,-0.117064
10/22/2020 7:56:32 AM,0.8967397,0.08718015,3.8335,0.002260643,0.982794,-0.1152873
10/22/2020 7:56:32 AM,0.888062,0.08832046,3.838776,0.0006730022,0.9838453,-0.112207
10/22/2020 7:56:32 AM,0.8796272,0.08945507,3.843534,-0.0004397641,0.9853771,-0.1048279
10/22/2020 7:56:32 AM,0.8713008,0.08936538,3.847412,-0.002861785,0.9868243,-0.09814923
10/22/2020 7:56:32 AM,0.8647276,0.08901213,3.851032,-0.007949904,0.9881535,-0.09288881
10/22/2020 7:56:32 AM,0.8588091,0.08952975,3.854082,-0.01361492,0.9897289,-0.08790664
10/22/2020 7:56:32 AM,0.8532745,0.09035283,3.856816,-0.02003065,0.9914092,-0.08243173
10/22/2020 7:56:32 AM,0.8486784,0.09031415,3.858249,-0.02666067,0.9933404,-0.07608398
10/22/2020 7:56:32 AM,0.8438143,0.08966233,3.859316,-0.02884966,0.9951484,-0.06998978
10/22/2020 7:56:32 AM,0.8389382,0.08931722,3.859165,-0.03032251,0.9964371,-0.06422357
10/22/2020 7:56:32 AM,0.833969,0.08779862,3.858464,-0.02843984,0.997323,-0.06013449
10/22/2020 7:56:32 AM,0.8293315,0.08693905,3.857881,-0.02549173,0.9978555,-0.05751483
10/22/2020 7:56:32 AM,0.824972,0.08537692,3.856713,-0.02268958,0.998058,-0.05736
10/22/2020 7:56:32 AM,0.8202616,0.08366358,3.855556,-0.01932116,0.9979907,-0.06032243
10/22/2020 7:56:32 AM,0.8155468,0.08306937,3.854115,-0.01588927,0.9977884,-0.06445348
10/22/2020 7:56:32 AM,0.8108718,0.08201046,3.852607,-0.01269047,0.9975243,-0.06878928
10/22/2020 7:56:32 AM,0.8063834,0.08096291,3.850728,-0.01037512,0.9971765,-0.07363864
10/22/2020 7:56:32 AM,0.8018922,0.07937168,3.848868,-0.008123954,0.9968312,-0.07796013
10/22/2020 7:56:32 AM,0.7973542,0.07767341,3.84701,-0.006652597,0.9964402,-0.08244644
10/22/2020 7:56:32 AM,0.7929196,0.07573974,3.844872,-0.00575636,0.9960924,-0.08608248
10/22/2020 7:56:33 AM,0.7883633,0.07440075,3.842736,-0.006835307,0.995777,-0.08921867
10/22/2020 7:56:33 AM,0.784276,0.07271596,3.840753,-0.007425321,0.995595,-0.09112636
10/22/2020 7:56:33 AM,0.7782455,0.07132674,3.838389,-0.006492147,0.9955174,-0.09200767
10/22/2020 7:56:33 AM,0.7741611,0.06981082,3.836141,-0.006436198,0.9955618,-0.09156158
10/22/2020 7:56:33 AM,0.770483,0.0682597,3.833735,-0.007042161,0.9956188,-0.09113917
10/22/2020 7:56:33 AM,0.7665918,0.07009763,3.830558,-0.005014724,0.9955512,-0.09227993
10/22/2020 7:56:33 AM,0.7624296,0.07316452,3.827924,0.0007510097,0.9958177,-0.08922746
10/22/2020 7:56:33 AM,0.757401,0.07259581,3.824917,0.0003526472,0.9959297,-0.0876536
10/22/2020 7:56:33 AM,0.7522541,0.07188404,3.822603,-0.002235805,0.9957395,-0.09012251
10/22/2020 7:56:33 AM,0.7481066,0.07228444,3.820879,7.969053E-05,0.9955029,-0.09311695
10/22/2020 7:56:33 AM,0.7445207,0.07286268,3.820024,0.002910018,0.9950145,-0.09800871
10/22/2020 7:56:33 AM,0.7415798,0.07533687,3.819388,0.003556447,0.9943646,-0.1038867
10/22/2020 7:56:33 AM,0.7369493,0.07694495,3.818622,0.004573045,0.993887,-0.1077509
10/22/2020 7:56:33 AM,0.7324587,0.07788464,3.817857,0.005119104,0.9937436,-0.1086871
10/22/2020 7:56:33 AM,0.7280347,0.07806785,3.816557,0.006814389,0.9939246,-0.106776
10/22/2020 7:56:33 AM,0.7236543,0.07962494,3.815058,0.01049248,0.9942666,-0.1029346
10/22/2020 7:56:33 AM,0.7186488,0.08060956,3.813381,0.01500384,0.9945458,-0.09878688
10/22/2020 7:56:33 AM,0.713734,0.08142883,3.811638,0.01598341,0.9945536,-0.0977719
10/22/2020 7:56:33 AM,0.7083532,0.0827435,3.810187,0.01318355,0.994345,-0.09972297
10/22/2020 7:56:33 AM,0.7030636,0.08525241,3.808926,0.01029381,0.9943284,-0.1006333
10/22/2020 7:56:33 AM,0.697806,0.08580901,3.807849,0.01119255,0.9945588,-0.09919267
10/22/2020 7:56:33 AM,0.6929286,0.08592561,3.807479,0.01290269,0.9945781,-0.09959824
10/22/2020 7:56:33 AM,0.6882253,0.08704311,3.807051,0.01263223,0.9945794,-0.1001057
10/22/2020 7:56:33 AM,0.6843288,0.08740054,3.807175,0.01094491,0.9946471,-0.09942782
10/22/2020 7:56:33 AM,0.6807235,0.08711084,3.80743,0.009130994,0.994521,-0.09979793
10/22/2020 7:56:33 AM,0.6766042,0.08698137,3.807898,0.007377144,0.9939724,-0.1034196
10/22/2020 7:56:33 AM,0.671676,0.0868856,3.807954,0.006645555,0.9936242,-0.1050842
10/22/2020 7:56:33 AM,0.6667789,0.08685759,3.808407,0.006884536,0.9933367,-0.1066004
10/22/2020 7:56:33 AM,0.6617018,0.08764859,3.808688,0.007440714,0.9932553,-0.1063608
10/22/2020 7:56:33 AM,0.6565253,0.08784513,3.809574,0.008319431,0.9931628,-0.106063
10/22/2020 7:56:33 AM,0.6508573,0.08781536,3.810389,0.008684801,0.9930555,-0.1058055
10/22/2020 7:56:33 AM,0.64517,0.08696052,3.811295,0.008627229,0.9928893,-0.1062906
10/22/2020 7:56:33 AM,0.639756,0.08714002,3.812773,0.00823227,0.99243,-0.1092001
10/22/2020 7:56:33 AM,0.6341515,0.08765961,3.814173,0.00692206,0.9922707,-0.1085185
10/22/2020 7:56:33 AM,0.6277483,0.08726019,3.815201,0.004812294,0.9918988,-0.1099228
10/22/2020 7:56:33 AM,0.6210575,0.08679797,3.816946,0.003144919,0.9916826,-0.1105715
10/22/2020 7:56:33 AM,0.6142871,0.08571509,3.818636,0.001761938,0.9914758,-0.1123494
10/22/2020 7:56:33 AM,0.6082252,0.08533724,3.821433,0.0005147874,0.9912,-0.1146541
10/22/2020 7:56:33 AM,0.6022764,0.08548257,3.823969,-0.00120767,0.9909328,-0.1158005
10/22/2020 7:56:33 AM,0.5957991,0.08549068,3.826813,-0.00367923,0.9906674,-0.1157154
10/22/2020 7:56:33 AM,0.5885794,0.08468909,3.82937,-0.005953231,0.9904507,-0.115592
10/22/2020 7:56:33 AM,0.5812908,0.08351818,3.832186,-0.007530035,0.9903694,-0.1155146
10/22/2020 7:56:33 AM,0.5741909,0.08256897,3.835459,-0.008047193,0.9902622,-0.1163849
10/22/2020 7:56:33 AM,0.5674714,0.08178511,3.839015,-0.01005574,0.9900521,-0.117034
10/22/2020 7:56:33 AM,0.5599375,0.08171894,3.84232,-0.01290254,0.9896635,-0.1189298
10/22/2020 7:56:33 AM,0.5523856,0.08146909,3.846279,-0.01427975,0.9896731,-0.1170284
10/22/2020 7:56:33 AM,0.5447471,0.08041359,3.849645,-0.0145445,0.9894273,-0.1170746
10/22/2020 7:56:33 AM,0.537012,0.07903542,3.853662,-0.01293785,0.989098,-0.1168354
10/22/2020 7:56:33 AM,0.5286779,0.07885227,3.85757,-0.01270547,0.9884229,-0.1192624
10/22/2020 7:56:33 AM,0.5204421,0.07959059,3.861168,-0.01249769,0.9878902,-0.1212719
10/22/2020 7:56:33 AM,0.5124434,0.08024233,3.865519,-0.01157739,0.9877648,-0.1205775
10/22/2020 7:56:33 AM,0.5048988,0.08236033,3.869153,-0.009918903,0.9876966,-0.1186838
10/22/2020 7:56:33 AM,0.4970263,0.0838273,3.872874,-0.007633246,0.9877008,-0.1151907
10/22/2020 7:56:33 AM,0.4890568,0.08351639,3.876731,-0.00666336,0.9875634,-0.1127475
10/22/2020 7:56:33 AM,0.4813086,0.08327009,3.881346,-0.006460031,0.9871387,-0.1139294
10/22/2020 7:56:33 AM,0.4744297,0.08417796,3.885712,-0.006252039,0.9868749,-0.1138876
10/22/2020 7:56:33 AM,0.4677013,0.08503365,3.890182,-0.00542726,0.9867453,-0.1119188
10/22/2020 7:56:33 AM,0.4612976,0.08634545,3.894433,-0.003167119,0.9865502,-0.1093579
10/22/2020 7:56:33 AM,0.4546844,0.08823348,3.898139,-0.001562683,0.9865046,-0.1046881
10/22/2020 7:56:33 AM,0.4481099,0.09003702,3.90189,-0.0006039494,0.986411,-0.1007639
10/22/2020 7:56:34 AM,0.4417212,0.09114034,3.905374,-3.078295E-05,0.9864448,-0.09784243
10/22/2020 7:56:34 AM,0.435846,0.09284811,3.909536,0.0006423641,0.9863769,-0.0974749
10/22/2020 7:56:34 AM,0.4304216,0.09466563,3.913453,0.001765954,0.9865721,-0.09579941
10/22/2020 7:56:34 AM,0.4254163,0.09662432,3.917404,0.002657833,0.9869262,-0.09261829
10/22/2020 7:56:34 AM,0.4207116,0.09782626,3.921213,0.004388725,0.9872319,-0.08943323
10/22/2020 7:56:34 AM,0.4162053,0.09922555,3.925021,0.006336903,0.98746,-0.08602058
10/22/2020 7:56:34 AM,0.4117759,0.0997722,3.928708,0.007777127,0.9875972,-0.08360111
10/22/2020 7:56:34 AM,0.4075216,0.1004345,3.932673,0.008832986,0.9875139,-0.08416461
10/22/2020 7:56:34 AM,0.403741,0.1009181,3.936755,0.0107477,0.9875003,-0.08372083
10/22/2020 7:56:34 AM,0.4002727,0.1020058,3.940721,0.01244416,0.9874769,-0.08258449
10/22/2020 7:56:34 AM,0.3969291,0.1026114,3.944308,0.01410716,0.9875489,-0.08056276
10/22/2020 7:56:34 AM,0.3938977,0.1037717,3.947439,0.0145016,0.9877539,-0.07792306
10/22/2020 7:56:34 AM,0.3913878,0.1041448,3.950629,0.0139392,0.988112,-0.07495383
10/22/2020 7:56:34 AM,0.3892446,0.1048172,3.953706,0.01344278,0.9884454,-0.07259928
10/22/2020 7:56:34 AM,0.3874969,0.1048365,3.956684,0.01355939,0.9887822,-0.07055541
10/22/2020 7:56:34 AM,0.3858093,0.1051308,3.959608,0.01347806,0.989085,-0.06904743
10/22/2020 7:56:34 AM,0.3842652,0.1051137,3.96225,0.01300748,0.9894398,-0.06817144
10/22/2020 7:56:34 AM,0.3826832,0.1049268,3.964603,0.01190404,0.9899462,-0.06725364
10/22/2020 7:56:34 AM,0.3815691,0.1038712,3.966791,0.01134471,0.9905238,-0.06755517
10/22/2020 7:56:34 AM,0.3809666,0.1040289,3.969452,0.01087718,0.9910373,-0.06899706
10/22/2020 7:56:34 AM,0.380611,0.1041241,3.971977,0.01055677,0.9914297,-0.07044321
10/22/2020 7:56:34 AM,0.3802414,0.1042554,3.974678,0.0103996,0.9917713,-0.07195976
10/22/2020 7:56:34 AM,0.380164,0.1043117,3.977265,0.01011415,0.9920519,-0.07374573
10/22/2020 7:56:34 AM,0.3799736,0.1055873,3.979655,0.00919833,0.9923885,-0.07460354
10/22/2020 7:56:34 AM,0.3801123,0.1063083,3.9817,0.008180258,0.992863,-0.07433486
10/22/2020 7:56:34 AM,0.3804522,0.1071624,3.983751,0.007201078,0.9933977,-0.07355876
10/22/2020 7:56:34 AM,0.3810853,0.1074565,3.985506,0.006096361,0.993916,-0.07288004
10/22/2020 7:56:34 AM,0.3817933,0.1070301,3.98759,0.005017969,0.9944444,-0.0720332
10/22/2020 7:56:34 AM,0.3828474,0.107185,3.989441,0.00413187,0.9948772,-0.07200048
10/22/2020 7:56:34 AM,0.3839933,0.1081681,3.991214,0.003565896,0.9952115,-0.07266259
10/22/2020 7:56:34 AM,0.3853935,0.1087055,3.993001,0.003045048,0.9955506,-0.07237311
10/22/2020 7:56:34 AM,0.3866373,0.108619,3.994751,0.002592895,0.9958239,-0.07252074
10/22/2020 7:56:34 AM,0.3884757,0.1086658,3.996441,0.002562702,0.9960452,-0.07286906
10/22/2020 7:56:34 AM,0.3902271,0.1087639,3.99812,0.002694092,0.9961954,-0.07350564
10/22/2020 7:56:34 AM,0.3923784,0.108198,3.999728,0.002682387,0.9963004,-0.07423831
10/22/2020 7:56:34 AM,0.3943648,0.1073171,4.001351,0.003447302,0.9963425,-0.07515885
10/22/2020 7:56:34 AM,0.396708,0.1060041,4.002673,0.003660226,0.9963395,-0.07675521
10/22/2020 7:56:34 AM,0.3986907,0.1042313,4.003489,0.004535574,0.9961869,-0.07987781
10/22/2020 7:56:34 AM,0.4011937,0.1038331,4.0042,0.00547183,0.9956622,-0.08745229
10/22/2020 7:56:34 AM,0.4042893,0.1022273,4.004501,0.005582468,0.9955946,-0.08918884
10/22/2020 7:56:34 AM,0.407379,0.09889684,4.006303,0.006995367,0.9948737,-0.09755353
10/22/2020 7:56:34 AM,0.4101077,0.09933694,4.007755,0.009016587,0.9936183,-0.109957
10/22/2020 7:56:34 AM,0.4125268,0.1012984,4.008913,0.01105261,0.9938506,-0.1080333
10/22/2020 7:56:34 AM,0.4154852,0.09908023,4.010181,0.01258746,0.9939178,-0.1075754
10/22/2020 7:56:34 AM,0.4178087,0.09829824,4.011708,0.01399983,0.9935217,-0.1112273
10/22/2020 7:56:34 AM,0.4203915,0.09826636,4.012784,0.01473021,0.9935158,-0.1114927
10/22/2020 7:56:34 AM,0.4229438,0.09686285,4.014441,0.01439477,0.993583,-0.111288
10/22/2020 7:56:34 AM,0.4259115,0.09597258,4.016192,0.01409654,0.9933252,-0.113927
10/22/2020 7:56:34 AM,0.429134,0.09459493,4.018348,0.01430352,0.9929516,-0.1173568
10/22/2020 7:56:34 AM,0.4329997,0.09494676,4.02066,0.01505553,0.9923856,-0.1220694
10/22/2020 7:56:34 AM,0.4363213,0.095486,4.022754,0.01641393,0.9923386,-0.1222895
10/22/2020 7:56:34 AM,0.4393973,0.09474736,4.024825,0.01930788,0.9923244,-0.1219907
10/22/2020 7:56:34 AM,0.4422123,0.09480387,4.026837,0.02263039,0.9922822,-0.1217687
10/22/2020 7:56:34 AM,0.445141,0.09474804,4.028385,0.02489129,0.9924391,-0.1200491
10/22/2020 7:56:34 AM,0.447747,0.0942424,4.029924,0.02648546,0.9925163,-0.1190771
10/22/2020 7:56:34 AM,0.4507129,0.09397247,4.031887,0.02786868,0.9924219,-0.1195708
10/22/2020 7:56:34 AM,0.453471,0.09423128,4.033607,0.02870793,0.9924132,-0.119455
10/22/2020 7:56:34 AM,0.4559889,0.09382676,4.035382,0.02921519,0.9926033,-0.1177282
10/22/2020 7:56:34 AM,0.4585513,0.09349452,4.037011,0.0294411,0.9926587,-0.1172153
10/22/2020 7:56:34 AM,0.4610267,0.09349474,4.038868,0.02787608,0.9927169,-0.1171267
10/22/2020 7:56:35 AM,0.4634383,0.09307411,4.040393,0.02748566,0.9928186,-0.1163852
10/22/2020 7:56:35 AM,0.465825,0.09226537,4.042548,0.02674531,0.9928024,-0.1167291
10/22/2020 7:56:35 AM,0.4682597,0.09230685,4.044295,0.02677551,0.9926535,-0.1179918
10/22/2020 7:56:35 AM,0.4706109,0.09312135,4.045696,0.02771174,0.9927799,-0.116699
10/22/2020 7:56:35 AM,0.4727771,0.09437396,4.046642,0.02945093,0.9931726,-0.1128656
10/22/2020 7:56:35 AM,0.4748898,0.09485252,4.048743,0.03061886,0.9936154,-0.1085742
10/22/2020 7:56:35 AM,0.4766403,0.09439203,4.049581,0.03216724,0.9940597,-0.1039718
10/22/2020 7:56:35 AM,0.4781377,0.0937192,4.051074,0.03323836,0.9940978,-0.10327
10/22/2020 7:56:35 AM,0.4796431,0.09355202,4.053447,0.03460411,0.9938418,-0.105266
10/22/2020 7:56:35 AM,0.4809427,0.09361553,4.055873,0.03554028,0.9936109,-0.1071107
10/22/2020 7:56:35 AM,0.4820376,0.09396215,4.058442,0.03644805,0.9934264,-0.1084823
10/22/2020 7:56:35 AM,0.4829235,0.09472135,4.060605,0.03673945,0.9934797,-0.1078558
10/22/2020 7:56:35 AM,0.4836608,0.0947931,4.063147,0.03643555,0.9936213,-0.1066067
10/22/2020 7:56:35 AM,0.4843858,0.09474698,4.065776,0.03587049,0.9936724,-0.1062866
10/22/2020 7:56:35 AM,0.4852942,0.09469076,4.069416,0.03538665,0.9937282,-0.1058765
10/22/2020 7:56:35 AM,0.4859641,0.09479049,4.073972,0.03528839,0.9937989,-0.1051167
10/22/2020 7:56:35 AM,0.486528,0.09441899,4.077755,0.03624889,0.9939051,-0.1035565
10/22/2020 7:56:35 AM,0.4866828,0.09501292,4.081994,0.03880947,0.9937471,-0.1037419
10/22/2020 7:56:35 AM,0.4864564,0.09457476,4.086301,0.04109745,0.9938723,-0.1009592
10/22/2020 7:56:35 AM,0.4858665,0.09437135,4.090803,0.04280956,0.993645,-0.1017131
10/22/2020 7:56:35 AM,0.4852001,0.09628893,4.09458,0.04407929,0.9934452,-0.1024183
10/22/2020 7:56:35 AM,0.4844045,0.09920368,4.097816,0.04552472,0.9935192,-0.1004581
10/22/2020 7:56:35 AM,0.4834968,0.09841534,4.102233,0.04647228,0.9935828,-0.0989098
10/22/2020 7:56:35 AM,0.4823048,0.0979766,4.106628,0.04745295,0.9933588,-0.1001026
10/22/2020 7:56:35 AM,0.4812332,0.09812474,4.109991,0.04738986,0.9934449,-0.09858847
10/22/2020 7:56:35 AM,0.4798211,0.09799673,4.113395,0.04698306,0.9935092,-0.09761126
10/22/2020 7:56:35 AM,0.4787939,0.09826639,4.116468,0.04725518,0.9936728,-0.09535617
10/22/2020 7:56:35 AM,0.4775907,0.09894693,4.118908,0.04689568,0.9939053,-0.09247761
10/22/2020 7:56:35 AM,0.4766394,0.098988,4.121273,0.04661528,0.9941596,-0.08922047
10/22/2020 7:56:35 AM,0.4753366,0.09803472,4.123501,0.04664548,0.994298,-0.08706532
10/22/2020 7:56:35 AM,0.474307,0.09593423,4.12608,0.04735514,0.9941022,-0.0881403
10/22/2020 7:56:35 AM,0.4731452,0.09533734,4.128826,0.04860815,0.9935817,-0.09250719
10/22/2020 7:56:35 AM,0.47223,0.09585278,4.131221,0.05102132,0.9931074,-0.09513862
10/22/2020 7:56:35 AM,0.4710793,0.09668662,4.133134,0.05407685,0.9926855,-0.09645287
10/22/2020 7:56:35 AM,0.470057,0.09762375,4.134551,0.05598559,0.9925342,-0.0951367
10/22/2020 7:56:35 AM,0.4687274,0.09785512,4.135552,0.05595962,0.9924528,-0.09427015
10/22/2020 7:56:35 AM,0.4678052,0.09879263,4.136415,0.0542088,0.9925205,-0.09320141
10/22/2020 7:56:35 AM,0.4667832,0.09850176,4.137331,0.05325093,0.9926358,-0.09127774
10/22/2020 7:56:35 AM,0.4661893,0.09889232,4.137948,0.0522519,0.9926614,-0.09028738
10/22/2020 7:56:35 AM,0.4653735,0.09936439,4.138051,0.05105888,0.9927698,-0.08864844
10/22/2020 7:56:35 AM,0.464863,0.09966643,4.137684,0.04950471,0.9930416,-0.08571739
10/22/2020 7:56:35 AM,0.4645352,0.09976408,4.137417,0.04787601,0.993311,-0.08311883
10/22/2020 7:56:35 AM,0.4641925,0.09924776,4.136734,0.04678108,0.9934431,-0.08184178
10/22/2020 7:56:35 AM,0.4637826,0.09872504,4.136382,0.04579236,0.9935019,-0.08168867
10/22/2020 7:56:35 AM,0.4635897,0.09790081,4.135824,0.04501178,0.9934651,-0.08306225
10/22/2020 7:56:35 AM,0.4634364,0.09800187,4.135231,0.044739,0.993355,-0.08519181
10/22/2020 7:56:35 AM,0.4635668,0.09773798,4.134411,0.04482468,0.993287,-0.08629328
10/22/2020 7:56:35 AM,0.4634941,0.09798106,4.133619,0.04516278,0.9932373,-0.08705734
10/22/2020 7:56:35 AM,0.4635807,0.09801117,4.132469,0.04501519,0.99327,-0.08689873
10/22/2020 7:56:35 AM,0.4635201,0.09802349,4.131204,0.04465656,0.9933539,-0.08615775
10/22/2020 7:56:35 AM,0.4634829,0.09718923,4.130222,0.04466622,0.9932893,-0.08670747
10/22/2020 7:56:35 AM,0.4633672,0.09760718,4.128888,0.04393103,0.9932031,-0.08791029
10/22/2020 7:56:35 AM,0.463362,0.09742795,4.127409,0.04279225,0.9931443,-0.08896992
10/22/2020 7:56:35 AM,0.4632454,0.09761181,4.126015,0.0414875,0.9930878,-0.09005728
10/22/2020 7:56:35 AM,0.4633708,0.09773536,4.124331,0.0400532,0.9930968,-0.09043691
10/22/2020 7:56:35 AM,0.4634651,0.09776105,4.122628,0.03829597,0.9931898,-0.09014431
10/22/2020 7:56:35 AM,0.4636013,0.09769462,4.121402,0.03631686,0.9932311,-0.09056666
10/22/2020 7:56:35 AM,0.4634766,0.09697369,4.119874,0.03589435,0.9931675,-0.0918014
10/22/2020 7:56:35 AM,0.4636751,0.09729278,4.118788,0.03590678,0.9931092,-0.09282631
10/22/2020 7:56:35 AM,0.4635631,0.09676103,4.117646,0.03594787,0.9930907,-0.09312265
10/22/2020 7:56:36 AM,0.4635478,0.09657831,4.116697,0.03581931,0.9929863,-0.09485044
10/22/2020 7:56:36 AM,0.4635432,0.09652089,4.115937,0.03567144,0.9929456,-0.09609707
10/22/2020 7:56:36 AM,0.4635628,0.09594369,4.115627,0.03550551,0.9928449,-0.09770388
10/22/2020 7:56:36 AM,0.4633687,0.09554532,4.115396,0.03558611,0.9926988,-0.09979876
10/22/2020 7:56:36 AM,0.4633715,0.09478262,4.115294,0.03556268,0.9924559,-0.1028218
10/22/2020 7:56:36 AM,0.4632378,0.09508927,4.115492,0.03517695,0.9922575,-0.1054528
10/22/2020 7:56:36 AM,0.4631054,0.0952792,4.115318,0.034614,0.9922044,-0.106885
10/22/2020 7:56:36 AM,0.4630073,0.09527602,4.115865,0.03431908,0.9924654,-0.1053689
10/22/2020 7:56:36 AM,0.4631405,0.09471702,4.116295,0.03292634,0.9926143,-0.1052985
10/22/2020 7:56:36 AM,0.463098,0.09373309,4.117472,0.03243751,0.9925563,-0.1069467
10/22/2020 7:56:36 AM,0.4631767,0.09331828,4.118502,0.03268053,0.9924173,-0.1090867
10/22/2020 7:56:36 AM,0.4631135,0.09354979,4.119775,0.03376432,0.9923198,-0.1104089
10/22/2020 7:56:36 AM,0.4629731,0.09388331,4.120649,0.03454192,0.9923793,-0.1104121
10/22/2020 7:56:36 AM,0.4628683,0.09395808,4.121412,0.03517586,0.9925287,-0.1097094
10/22/2020 7:56:36 AM,0.4627203,0.09386334,4.122422,0.03573702,0.992664,-0.1089861
10/22/2020 7:56:36 AM,0.4625556,0.09383377,4.123195,0.03578077,0.9928117,-0.1082632
10/22/2020 7:56:36 AM,0.4624628,0.09383106,4.123859,0.03616869,0.9929239,-0.1076044
10/22/2020 7:56:36 AM,0.462209,0.09343903,4.124642,0.03657699,0.9930026,-0.1070714
10/22/2020 7:56:36 AM,0.4620458,0.09408647,4.125156,0.03656566,0.993095,-0.1065588
10/22/2020 7:56:36 AM,0.461826,0.09427381,4.125248,0.03646711,0.9932963,-0.1050313
10/22/2020 7:56:36 AM,0.4615715,0.09440839,4.125271,0.0362644,0.9935248,-0.1032454
10/22/2020 7:56:36 AM,0.46128,0.09424283,4.125281,0.03594112,0.9938268,-0.1007569
10/22/2020 7:56:36 AM,0.4610651,0.09422886,4.12483,0.03581258,0.994083,-0.09869405
10/22/2020 7:56:36 AM,0.4609009,0.09425522,4.124381,0.03572096,0.9942265,-0.09770504
10/22/2020 7:56:36 AM,0.460768,0.09418447,4.124085,0.03538293,0.9943168,-0.09734189
10/22/2020 7:56:36 AM,0.4607984,0.09433708,4.123575,0.03505448,0.9943424,-0.09757239
10/22/2020 7:56:36 AM,0.4607641,0.09458586,4.123357,0.0348918,0.9943463,-0.09792246
10/22/2020 7:56:36 AM,0.4608706,0.09475343,4.122669,0.035065,0.9944015,-0.09759026
10/22/2020 7:56:36 AM,0.4610428,0.09467795,4.122133,0.0354323,0.9944659,-0.09698825
10/22/2020 7:56:36 AM,0.4611484,0.09442082,4.121431,0.03592426,0.9944297,-0.09730989
10/22/2020 7:56:36 AM,0.46118,0.09429674,4.120786,0.03672156,0.9943544,-0.09791353
10/22/2020 7:56:36 AM,0.4612104,0.094124,4.120042,0.03721562,0.9942663,-0.09869979
10/22/2020 7:56:36 AM,0.4613382,0.09374407,4.118952,0.03740136,0.9941941,-0.09941579
10/22/2020 7:56:36 AM,0.4614984,0.09345029,4.118489,0.03756704,0.9939886,-0.1014414
10/22/2020 7:56:36 AM,0.461546,0.09326559,4.118081,0.03765402,0.9937691,-0.1035749
10/22/2020 7:56:36 AM,0.461787,0.09351394,4.117235,0.03732344,0.9936259,-0.1051385
10/22/2020 7:56:36 AM,0.4620391,0.09367637,4.116319,0.03696123,0.9935821,-0.1057299
10/22/2020 7:56:36 AM,0.4623977,0.09360865,4.115437,0.03680383,0.9936037,-0.1055757
10/22/2020 7:56:36 AM,0.462796,0.0939966,4.114441,0.0361531,0.9936957,-0.1049155
10/22/2020 7:56:36 AM,0.4632948,0.09334263,4.113244,0.03487886,0.9938526,-0.1038096
10/22/2020 7:56:36 AM,0.463832,0.09324206,4.112334,0.03402528,0.9938721,-0.1038961
10/22/2020 7:56:36 AM,0.4645467,0.09263076,4.111169,0.03361762,0.9938827,-0.1038587
10/22/2020 7:56:36 AM,0.4650459,0.09247575,4.110673,0.03390963,0.9937603,-0.1048313
10/22/2020 7:56:36 AM,0.4656924,0.09237291,4.109407,0.03407171,0.9937128,-0.1051517
10/22/2020 7:56:36 AM,0.466283,0.0921567,4.108051,0.03426215,0.9936749,-0.105386
10/22/2020 7:56:36 AM,0.4669437,0.09131709,4.106828,0.03512003,0.9936106,-0.1056342
10/22/2020 7:56:36 AM,0.4674299,0.0900933,4.106022,0.03601383,0.9933269,-0.1079482
10/22/2020 7:56:36 AM,0.4681308,0.08921692,4.105616,0.03703244,0.9928795,-0.1116273
10/22/2020 7:56:36 AM,0.4685556,0.08852483,4.105258,0.03829988,0.9923564,-0.1156807
10/22/2020 7:56:36 AM,0.4690816,0.08790408,4.104767,0.03948881,0.9917625,-0.1202006
10/22/2020 7:56:36 AM,0.4695396,0.08739592,4.104654,0.040757,0.9911863,-0.1243295
10/22/2020 7:56:36 AM,0.4700303,0.08718985,4.104622,0.04162576,0.9907309,-0.1274593
10/22/2020 7:56:36 AM,0.4703194,0.08721388,4.104294,0.04198599,0.9903904,-0.1297967
10/22/2020 7:56:36 AM,0.470585,0.08694161,4.103756,0.04180013,0.9901723,-0.1314568
10/22/2020 7:56:36 AM,0.4709038,0.08687572,4.103769,0.04133915,0.990006,-0.1328701
10/22/2020 7:56:36 AM,0.4713576,0.08687734,4.103357,0.04128415,0.9899064,-0.1336505
10/22/2020 7:56:36 AM,0.4716497,0.08676714,4.102944,0.04158539,0.9898979,-0.1336325
10/22/2020 7:56:36 AM,0.4717654,0.08672495,4.102867,0.04289881,0.9898607,-0.1334829
10/22/2020 7:56:36 AM,0.471879,0.08684084,4.102347,0.04361705,0.9898212,-0.1335567
10/22/2020 7:56:36 AM,0.47211,0.08705824,4.101706,0.04416702,0.9898834,-0.1328931
10/22/2020 7:56:37 AM,0.4720727,0.08719461,4.101507,0.04455093,0.9899726,-0.1320655
10/22/2020 7:56:37 AM,0.4721293,0.08726832,4.100546,0.04463489,0.9900779,-0.1312353
10/22/2020 7:56:37 AM,0.47206,0.08711773,4.099813,0.04476416,0.9901793,-0.1303852
10/22/2020 7:56:37 AM,0.4720167,0.08676919,4.099211,0.04480673,0.9901775,-0.1303593
10/22/2020 7:56:37 AM,0.4719424,0.08658352,4.098461,0.0447356,0.9900838,-0.1310761
10/22/2020 7:56:37 AM,0.4720017,0.08663476,4.097673,0.04462048,0.9899462,-0.1320618
10/22/2020 7:56:37 AM,0.471935,0.08671853,4.096735,0.04444019,0.9898384,-0.1328074
10/22/2020 7:56:37 AM,0.4719307,0.08682021,4.095741,0.04389669,0.9897401,-0.1335846
10/22/2020 7:56:37 AM,0.4717988,0.08662171,4.094707,0.04347699,0.989633,-0.1344068
10/22/2020 7:56:37 AM,0.4718646,0.08677724,4.093785,0.04304463,0.989533,-0.1351982
10/22/2020 7:56:37 AM,0.4718496,0.08721812,4.092684,0.04315542,0.9894627,-0.1355588
10/22/2020 7:56:37 AM,0.4718942,0.0875957,4.091639,0.04286512,0.9894885,-0.135308
10/22/2020 7:56:37 AM,0.4718778,0.08757991,4.090344,0.0425589,0.989499,-0.1352036
10/22/2020 7:56:37 AM,0.4720321,0.08792493,4.089004,0.04239219,0.9896318,-0.1341776
10/22/2020 7:56:37 AM,0.4720649,0.08802362,4.087276,0.04222653,0.9898015,-0.1329053
10/22/2020 7:56:37 AM,0.472415,0.08871112,4.085468,0.04222472,0.9900392,-0.1310716
10/22/2020 7:56:37 AM,0.4727852,0.08936916,4.0834,0.04207426,0.9903595,-0.1285218
10/22/2020 7:56:37 AM,0.473329,0.08980812,4.081494,0.04151616,0.9907563,-0.1253597
10/22/2020 7:56:37 AM,0.4737879,0.09022265,4.079298,0.04109581,0.9911073,-0.1224282
10/22/2020 7:56:37 AM,0.4743831,0.09056944,4.07715,0.04105861,0.9913943,-0.1197873
10/22/2020 7:56:37 AM,0.4746701,0.09063813,4.075255,0.04137323,0.9916759,-0.1168839
10/22/2020 7:56:37 AM,0.4747457,0.09048823,4.073073,0.0421251,0.9917957,-0.1152311
10/22/2020 7:56:37 AM,0.4748684,0.09112528,4.070626,0.04254403,0.9919023,-0.1138559
10/22/2020 7:56:37 AM,0.4750701,0.09168756,4.068164,0.04267223,0.9920411,-0.1122503
10/22/2020 7:56:37 AM,0.4750807,0.09182178,4.065765,0.04316964,0.9921933,-0.1102862
10/22/2020 7:56:37 AM,0.475197,0.09200555,4.06321,0.04352495,0.9923216,-0.1085414
10/22/2020 7:56:37 AM,0.4750599,0.0919963,4.060348,0.04423001,0.992419,-0.1068814
10/22/2020 7:56:37 AM,0.4749402,0.09189434,4.057524,0.04510853,0.9924865,-0.1052604
10/22/2020 7:56:37 AM,0.4746126,0.0911676,4.05462,0.04600984,0.9924557,-0.1045443
10/22/2020 7:56:37 AM,0.4743233,0.0903852,4.051892,0.04648393,0.9922914,-0.1055068
10/22/2020 7:56:37 AM,0.473868,0.09176072,4.049043,0.04754502,0.9916338,-0.1111827
10/22/2020 7:56:37 AM,0.4737894,0.09166736,4.046797,0.05077549,0.9913871,-0.1115253
10/22/2020 7:56:37 AM,0.4727668,0.09012252,4.044077,0.05326987,0.9905519,-0.1171915
10/22/2020 7:56:37 AM,0.4727509,0.08930123,4.04274,0.04755433,0.9905665,-0.1196339
10/22/2020 7:56:37 AM,0.4721696,0.0871389,4.041705,0.0401471,0.9899414,-0.1289259
10/22/2020 7:56:37 AM,0.4732188,0.08546525,4.042444,0.0388886,0.9891783,-0.1360456
10/22/2020 7:56:37 AM,0.4738945,0.08391918,4.043571,0.03725269,0.9879072,-0.1458699
10/22/2020 7:56:37 AM,0.4751191,0.08558223,4.043607,0.03828131,0.9867847,-0.1531176
10/22/2020 7:56:37 AM,0.4761364,0.08926597,4.042704,0.04143893,0.9868662,-0.1513518
10/22/2020 7:56:37 AM,0.4765862,0.08967158,4.041757,0.04600981,0.9878471,-0.1424641
10/22/2020 7:56:37 AM,0.4765889,0.08850122,4.040475,0.0493532,0.988484,-0.1359095
10/22/2020 7:56:37 AM,0.4765936,0.08738294,4.039456,0.05105025,0.9888302,-0.1321928
10/22/2020 7:56:37 AM,0.476757,0.08681797,4.038826,0.05235831,0.9885043,-0.1338436
10/22/2020 7:56:37 AM,0.4771566,0.08779971,4.038657,0.05316149,0.9883212,-0.1342594
10/22/2020 7:56:37 AM,0.4773416,0.08837689,4.037677,0.05378245,0.9882651,-0.1338604
10/22/2020 7:56:37 AM,0.477408,0.08926902,4.037592,0.05374358,0.9883639,-0.1324949
10/22/2020 7:56:37 AM,0.4774414,0.09010123,4.036023,0.05316695,0.9886676,-0.1300856
10/22/2020 7:56:37 AM,0.4775365,0.0908873,4.036053,0.05236211,0.9892908,-0.125209
10/22/2020 7:56:37 AM,0.477607,0.09167432,4.035493,0.05255866,0.9899456,-0.1194776
10/22/2020 7:56:37 AM,0.4776239,0.09214816,4.035415,0.05252901,0.9905463,-0.114083
10/22/2020 7:56:37 AM,0.4775664,0.09238593,4.035162,0.05231299,0.9909754,-0.1100692
10/22/2020 7:56:37 AM,0.4776175,0.09256032,4.035124,0.05224099,0.9912661,-0.1072385
10/22/2020 7:56:37 AM,0.4774173,0.09202178,4.035347,0.05228206,0.9913139,-0.1068741
10/22/2020 7:56:37 AM,0.4774311,0.09263773,4.035363,0.05211079,0.9914017,-0.1064347
10/22/2020 7:56:37 AM,0.477492,0.09265143,4.03555,0.05213213,0.9914748,-0.1058494
10/22/2020 7:56:37 AM,0.4776406,0.09276479,4.035883,0.05246717,0.991556,-0.1048026
10/22/2020 7:56:37 AM,0.4775755,0.09270184,4.0361,0.05314358,0.9915393,-0.1044944
10/22/2020 7:56:37 AM,0.4773496,0.09239013,4.036599,0.05407732,0.9914541,-0.1046307
10/22/2020 7:56:37 AM,0.4771639,0.09237759,4.035879,0.05448915,0.9913949,-0.1049696
10/22/2020 7:56:37 AM,0.4770843,0.09261535,4.036307,0.05426845,0.9913346,-0.1058849
10/22/2020 7:56:38 AM,0.4769292,0.09228636,4.036625,0.05385125,0.9912773,-0.1068485
10/22/2020 7:56:38 AM,0.4769951,0.09217156,4.037138,0.05337779,0.9911654,-0.1081495
10/22/2020 7:56:38 AM,0.4767804,0.09198204,4.037477,0.05354067,0.9909905,-0.1097693
10/22/2020 7:56:38 AM,0.4767734,0.09176286,4.038162,0.05361188,0.9908063,-0.1113783
10/22/2020 7:56:38 AM,0.4764275,0.09146914,4.038921,0.05478557,0.9904389,-0.1139159
10/22/2020 7:56:38 AM,0.4761407,0.09188423,4.039438,0.05515562,0.9902169,-0.1155733
10/22/2020 7:56:38 AM,0.4758836,0.09232007,4.039839,0.05532452,0.9901841,-0.1157778
10/22/2020 7:56:38 AM,0.4754376,0.09237766,4.040783,0.05521215,0.9901794,-0.1158851
10/22/2020 7:56:38 AM,0.4748401,0.09175482,4.041287,0.05519432,0.9902072,-0.1159618
10/22/2020 7:56:38 AM,0.4745648,0.09224588,4.041662,0.05445967,0.99026,-0.11642
10/22/2020 7:56:38 AM,0.4741195,0.09227759,4.042248,0.054153,0.9904281,-0.1155377
10/22/2020 7:56:38 AM,0.473583,0.09179328,4.042989,0.0539896,0.9904265,-0.1162666
10/22/2020 7:56:38 AM,0.4732168,0.09220229,4.043608,0.05393025,0.9904171,-0.1171054
10/22/2020 7:56:38 AM,0.472869,0.09288239,4.044013,0.0539636,0.9905413,-0.1164772
10/22/2020 7:56:38 AM,0.4724745,0.09315149,4.04451,0.05387307,0.9906999,-0.1154709
10/22/2020 7:56:38 AM,0.4720523,0.09334991,4.044708,0.05339701,0.9909385,-0.113897
10/22/2020 7:56:38 AM,0.4717079,0.09349768,4.045001,0.0528601,0.9911492,-0.1124726
10/22/2020 7:56:38 AM,0.4711941,0.09314889,4.045415,0.05277841,0.9912152,-0.1119203
10/22/2020 7:56:38 AM,0.4707073,0.09348671,4.045497,0.05267812,0.9912553,-0.111709
10/22/2020 7:56:38 AM,0.470151,0.0935372,4.045294,0.05256325,0.9912913,-0.1115603
10/22/2020 7:56:38 AM,0.4696985,0.09420137,4.045859,0.05220981,0.9913906,-0.1108986
10/22/2020 7:56:38 AM,0.4690854,0.09425172,4.045355,0.05164402,0.9914866,-0.1104266
10/22/2020 7:56:38 AM,0.4685639,0.09458934,4.045332,0.05106082,0.9916354,-0.1095764
10/22/2020 7:56:38 AM,0.46799,0.09461389,4.045166,0.05041832,0.9917601,-0.1090337
10/22/2020 7:56:38 AM,0.4675585,0.09455672,4.044963,0.04986635,0.9918794,-0.1085456
10/22/2020 7:56:38 AM,0.4670588,0.09471948,4.044833,0.04950278,0.9919678,-0.1081763
10/22/2020 7:56:38 AM,0.4665355,0.09456465,4.044828,0.0493805,0.9919777,-0.1084044
10/22/2020 7:56:38 AM,0.4659907,0.09451826,4.044753,0.04945622,0.9919425,-0.108938
10/22/2020 7:56:38 AM,0.4654655,0.09487768,4.044632,0.04950562,0.9919366,-0.1091701
10/22/2020 7:56:38 AM,0.4649572,0.09495132,4.044341,0.04926195,0.9919708,-0.109126
10/22/2020 7:56:38 AM,0.4643565,0.09518497,4.04391,0.04863676,0.9920869,-0.1085169
10/22/2020 7:56:38 AM,0.4638692,0.09520049,4.043842,0.04779373,0.9922408,-0.107528
10/22/2020 7:56:38 AM,0.4632726,0.0953761,4.043664,0.04717982,0.9923818,-0.1066092
10/22/2020 7:56:38 AM,0.4626813,0.09551729,4.043446,0.04654469,0.9926136,-0.1047332
10/22/2020 7:56:38 AM,0.4618829,0.0957301,4.043494,0.04583072,0.992927,-0.1019215
10/22/2020 7:56:38 AM,0.460751,0.09572777,4.043382,0.04534522,0.9931111,-0.1003283
10/22/2020 7:56:38 AM,0.4593463,0.09479982,4.04416,0.04385821,0.9930573,-0.1018516
10/22/2020 7:56:38 AM,0.4583104,0.09501716,4.044972,0.04083588,0.9929238,-0.1052459
10/22/2020 7:56:38 AM,0.4574932,0.09534788,4.045738,0.03786251,0.9929016,-0.1074612
10/22/2020 7:56:38 AM,0.4567787,0.09558307,4.046144,0.03479684,0.9929988,-0.1084233
10/22/2020 7:56:38 AM,0.4560078,0.09562046,4.046164,0.0323597,0.9931898,-0.1083425
10/22/2020 7:56:38 AM,0.4554054,0.09550205,4.046474,0.03057327,0.9934303,-0.1074701
10/22/2020 7:56:38 AM,0.4546841,0.09468441,4.046182,0.0299313,0.9936216,-0.1065414
10/22/2020 7:56:38 AM,0.4539552,0.09429653,4.046074,0.02984769,0.9937536,-0.1058765
10/22/2020 7:56:38 AM,0.4531035,0.09392109,4.045986,0.0300913,0.9937255,-0.1065437
10/22/2020 7:56:38 AM,0.4523557,0.09399711,4.045769,0.03000387,0.9936368,-0.1077553
10/22/2020 7:56:38 AM,0.4515967,0.09434989,4.045197,0.03039917,0.9935487,-0.1087242
10/22/2020 7:56:38 AM,0.4509878,0.09479451,4.0447,0.03069273,0.9935433,-0.1088598
10/22/2020 7:56:38 AM,0.4502548,0.09479958,4.044218,0.03065432,0.9935769,-0.108676
10/22/2020 7:56:38 AM,0.4495875,0.09456402,4.043088,0.03009008,0.9936762,-0.1080051
10/22/2020 7:56:38 AM,0.448931,0.09404679,4.042831,0.02915857,0.9937381,-0.1077473
10/22/2020 7:56:38 AM,0.4484085,0.09354283,4.042214,0.02770752,0.9937223,-0.1083079
10/22/2020 7:56:38 AM,0.447718,0.09344019,4.041234,0.02693605,0.9937047,-0.1086967
10/22/2020 7:56:38 AM,0.4470874,0.09285574,4.040826,0.02706911,0.9936568,-0.1091131
10/22/2020 7:56:38 AM,0.4463774,0.09237757,4.039673,0.0274729,0.9935709,-0.1097913
10/22/2020 7:56:38 AM,0.4454521,0.09231125,4.038973,0.02740952,0.9934772,-0.1106565
10/22/2020 7:56:38 AM,0.4444397,0.0921144,4.03854,0.0259975,0.9933728,-0.111945
10/22/2020 7:56:38 AM,0.4437103,0.09187689,4.038106,0.0236972,0.9931815,-0.1141435
10/22/2020 7:56:38 AM,0.4431015,0.09160879,4.037739,0.02141602,0.993028,-0.1158841
10/22/2020 7:56:38 AM,0.4428801,0.09115994,4.038013,0.01865305,0.9927346,-0.1187506
10/22/2020 7:56:39 AM,0.4425446,0.09044822,4.038753,0.01707003,0.9923475,-0.1220719
10/22/2020 7:56:39 AM,0.4421778,0.09007528,4.039317,0.01622691,0.9919487,-0.1252662
10/22/2020 7:56:39 AM,0.4419105,0.08979166,4.040136,0.01653947,0.9915462,-0.1282912
10/22/2020 7:56:39 AM,0.4414266,0.08962552,4.041018,0.01746605,0.9912797,-0.130169
10/22/2020 7:56:39 AM,0.440832,0.08941438,4.041747,0.01890144,0.9911269,-0.1311134
10/22/2020 7:56:39 AM,0.4402875,0.08944002,4.042112,0.01987934,0.991036,-0.1316233
10/22/2020 7:56:39 AM,0.4398477,0.08896818,4.04271,0.02038766,0.9910395,-0.1314829
10/22/2020 7:56:39 AM,0.4394272,0.08882646,4.043362,0.02081933,0.9909814,-0.1318267
10/22/2020 7:56:39 AM,0.4391136,0.08850197,4.043981,0.02136782,0.9909447,-0.1319869
10/22/2020 7:56:39 AM,0.4386462,0.08847252,4.044417,0.0220547,0.9908775,-0.1323892
10/22/2020 7:56:39 AM,0.4380987,0.08848718,4.044557,0.02254314,0.9908732,-0.1323661
10/22/2020 7:56:39 AM,0.4375298,0.08873742,4.044895,0.02285545,0.9908383,-0.1326145
10/22/2020 7:56:39 AM,0.4369901,0.0885866,4.045124,0.02334803,0.9908552,-0.1324578
10/22/2020 7:56:39 AM,0.4363089,0.08840329,4.045045,0.02372836,0.9908224,-0.1326973
10/22/2020 7:56:39 AM,0.4357007,0.0879107,4.045458,0.02394045,0.9907393,-0.1333592
10/22/2020 7:56:39 AM,0.4349011,0.08740138,4.04556,0.02384859,0.9905164,-0.1350867
10/22/2020 7:56:39 AM,0.4341691,0.08684169,4.045994,0.02336587,0.990222,-0.1373672
10/22/2020 7:56:39 AM,0.4335171,0.08648915,4.046497,0.02182908,0.9897162,-0.1412407
10/22/2020 7:56:39 AM,0.4329057,0.08623742,4.047003,0.02044514,0.9892496,-0.1446984
10/22/2020 7:56:39 AM,0.4322596,0.08627319,4.047359,0.01960793,0.98892,-0.1470722
10/22/2020 7:56:39 AM,0.43178,0.08604812,4.047809,0.01877838,0.9887,-0.1486726
10/22/2020 7:56:39 AM,0.4312004,0.08607229,4.048224,0.01787719,0.9885437,-0.1498395
10/22/2020 7:56:39 AM,0.4307717,0.08598588,4.048576,0.01703307,0.9884436,-0.1506127
10/22/2020 7:56:39 AM,0.4301713,0.08601122,4.049191,0.01619012,0.9884195,-0.1508742
10/22/2020 7:56:39 AM,0.4297374,0.08577681,4.049723,0.01552908,0.9883974,-0.1510929
10/22/2020 7:56:39 AM,0.4291659,0.08605629,4.050104,0.01443047,0.9884132,-0.1511004
10/22/2020 7:56:39 AM,0.4286736,0.08618031,4.050575,0.01386421,0.9884884,-0.1506604
10/22/2020 7:56:39 AM,0.4281752,0.08607374,4.051175,0.01368641,0.9885389,-0.150345
10/22/2020 7:56:39 AM,0.4276876,0.08630474,4.0517,0.01351067,0.988591,-0.1500174
10/22/2020 7:56:39 AM,0.4271597,0.08632866,4.052231,0.01348007,0.9886638,-0.1495387
10/22/2020 7:56:39 AM,0.4266851,0.08654085,4.052807,0.01324277,0.9887302,-0.1491208
10/22/2020 7:56:39 AM,0.4262175,0.0867093,4.053117,0.01232653,0.9887451,-0.1491012
10/22/2020 7:56:39 AM,0.4257283,0.08679601,4.05328,0.01225273,0.9887851,-0.1488407
10/22/2020 7:56:39 AM,0.4254969,0.08661865,4.05381,0.01239319,0.9887866,-0.1488183
10/22/2020 7:56:39 AM,0.4252914,0.08650647,4.054092,0.01283149,0.9887437,-0.1490649
10/22/2020 7:56:39 AM,0.4249076,0.08639756,4.05434,0.0133048,0.9886274,-0.1497952
10/22/2020 7:56:39 AM,0.4245409,0.0863582,4.054416,0.01305404,0.9884613,-0.1509096
10/22/2020 7:56:39 AM,0.4242888,0.08621146,4.054698,0.01320356,0.9883488,-0.1516312
10/22/2020 7:56:39 AM,0.4241125,0.08636715,4.054858,0.01331373,0.988201,-0.1525826
10/22/2020 7:56:39 AM,0.4239255,0.08623947,4.055145,0.0138493,0.9880743,-0.1533541
10/22/2020 7:56:39 AM,0.4235919,0.08605477,4.055365,0.01465481,0.9879255,-0.154234
10/22/2020 7:56:39 AM,0.4234334,0.08613507,4.055593,0.0150515,0.9878094,-0.1549353
10/22/2020 7:56:39 AM,0.4232593,0.08591161,4.055722,0.01533488,0.9876987,-0.1556076
10/22/2020 7:56:39 AM,0.4231296,0.08558363,4.056124,0.01576261,0.9875243,-0.1566623
10/22/2020 7:56:39 AM,0.4229555,0.08545921,4.056444,0.01610168,0.9873279,-0.1578535
10/22/2020 7:56:39 AM,0.4228297,0.08553867,4.056832,0.01652189,0.9871542,-0.1588824
10/22/2020 7:56:39 AM,0.4227405,0.08578826,4.057135,0.01723724,0.9871002,-0.1591257
10/22/2020 7:56:39 AM,0.422673,0.08585845,4.057531,0.01777158,0.9871045,-0.1590159
10/22/2020 7:56:39 AM,0.422572,0.08590841,4.057911,0.01839036,0.9871413,-0.1586877
10/22/2020 7:56:39 AM,0.4224719,0.08607642,4.05832,0.01891542,0.9872054,-0.1581813
10/22/2020 7:56:39 AM,0.4223867,0.08565576,4.05869,0.01924342,0.9872152,-0.1580312
10/22/2020 7:56:39 AM,0.4223536,0.08566774,4.059202,0.01917524,0.9871374,-0.1584664
10/22/2020 7:56:39 AM,0.4222458,0.0854532,4.059659,0.0194101,0.9870028,-0.1592175
10/22/2020 7:56:39 AM,0.4220861,0.08558707,4.060138,0.01988209,0.9869183,-0.1596193
10/22/2020 7:56:39 AM,0.4218621,0.08564082,4.060657,0.02058444,0.9868507,-0.1598733
10/22/2020 7:56:39 AM,0.4215807,0.08564729,4.061085,0.02119448,0.9867954,-0.160074
10/22/2020 7:56:39 AM,0.4212906,0.08576267,4.061609,0.02122262,0.9867441,-0.1603231
10/22/2020 7:56:39 AM,0.4209451,0.0857202,4.06195,0.02153597,0.9867561,-0.1601922
10/22/2020 7:56:39 AM,0.4207097,0.08575723,4.062355,0.02174453,0.9867513,-0.160201
10/22/2020 7:56:39 AM,0.4204675,0.08580854,4.06276,0.02196128,0.9868233,-0.1597362
10/22/2020 7:56:40 AM,0.4201832,0.08581215,4.063046,0.02233605,0.9869027,-0.1592121
10/22/2020 7:56:40 AM,0.419952,0.08605258,4.063625,0.02265238,0.9870389,-0.1583235
10/22/2020 7:56:40 AM,0.4197834,0.08606306,4.063998,0.02309769,0.9872302,-0.1570781
10/22/2020 7:56:40 AM,0.4195733,0.08591775,4.064382,0.02367909,0.9873288,-0.1563728
10/22/2020 7:56:40 AM,0.419312,0.08596325,4.064599,0.02387863,0.9873607,-0.1561462
10/22/2020 7:56:40 AM,0.4188926,0.08584362,4.064671,0.02387814,0.9873661,-0.1561172
10/22/2020 7:56:40 AM,0.4185501,0.08560514,4.064885,0.02386147,0.987341,-0.1562866
10/22/2020 7:56:40 AM,0.4182274,0.08550783,4.0652,0.02372454,0.9872134,-0.1571358
10/22/2020 7:56:40 AM,0.4180253,0.08561002,4.065317,0.02373428,0.9870954,-0.1578879
10/22/2020 7:56:40 AM,0.4178533,0.08567579,4.065403,0.02389236,0.9870643,-0.1580576
10/22/2020 7:56:40 AM,0.4176424,0.08569109,4.065393,0.02423831,0.9870538,-0.158063
10/22/2020 7:56:40 AM,0.4173921,0.08566167,4.065485,0.02439862,0.9871107,-0.1576661
10/22/2020 7:56:40 AM,0.4172303,0.08584207,4.06556,0.02470362,0.9871082,-0.1576096
10/22/2020 7:56:40 AM,0.4171476,0.08651464,4.065719,0.02491908,0.9872727,-0.1565023
10/22/2020 7:56:40 AM,0.4171976,0.08734208,4.065793,0.02526607,0.9875121,-0.1548798
10/22/2020 7:56:40 AM,0.4173144,0.08800377,4.065937,0.02650131,0.9879468,-0.1517512
10/22/2020 7:56:40 AM,0.4174622,0.08876406,4.066061,0.02811779,0.9884073,-0.1482256
10/22/2020 7:56:40 AM,0.4172859,0.08910114,4.066389,0.02974916,0.9888762,-0.1444272
10/22/2020 7:56:40 AM,0.4171633,0.08984014,4.066687,0.03081134,0.9892309,-0.1415304
10/22/2020 7:56:40 AM,0.4171626,0.09078148,4.067089,0.03142455,0.9896903,-0.1378904
10/22/2020 7:56:40 AM,0.4171434,0.09120027,4.067516,0.03157652,0.9901651,-0.1341502
10/22/2020 7:56:40 AM,0.4171951,0.09156869,4.068041,0.03161147,0.9905003,-0.131406
10/22/2020 7:56:40 AM,0.4173079,0.09211297,4.068439,0.03144211,0.9908574,-0.1284826
10/22/2020 7:56:40 AM,0.4174843,0.09232314,4.068805,0.03132198,0.9911408,-0.1260704
10/22/2020 7:56:40 AM,0.4175525,0.09247555,4.069218,0.03176902,0.9913405,-0.1241321
10/22/2020 7:56:40 AM,0.4176345,0.0928685,4.069575,0.03247704,0.9915029,-0.1224311
10/22/2020 7:56:40 AM,0.4176567,0.09318806,4.069957,0.03329435,0.9917009,-0.1204481
10/22/2020 7:56:40 AM,0.4175997,0.09392096,4.070207,0.03405429,0.9918953,-0.1185268
10/22/2020 7:56:40 AM,0.4176378,0.09464007,4.070324,0.03454116,0.9921572,-0.1161465
10/22/2020 7:56:40 AM,0.4176469,0.09515657,4.070595,0.03495552,0.9924433,-0.113547
10/22/2020 7:56:40 AM,0.4175827,0.09546579,4.070628,0.03575167,0.9926784,-0.1112738
10/22/2020 7:56:40 AM,0.4175034,0.0956312,4.070679,0.03632326,0.9928655,-0.1094757
10/22/2020 7:56:40 AM,0.4173908,0.09581241,4.070764,0.03684126,0.993017,-0.1079372
10/22/2020 7:56:40 AM,0.4172115,0.09623793,4.07089,0.03682334,0.9931085,-0.1072247
10/22/2020 7:56:40 AM,0.4170339,0.09690294,4.070872,0.03671315,0.9932724,-0.1058468
10/22/2020 7:56:40 AM,0.4167449,0.09744073,4.070774,0.03657383,0.9934978,-0.1038305
10/22/2020 7:56:40 AM,0.4164764,0.0977594,4.07069,0.03622197,0.9937699,-0.1013752
10/22/2020 7:56:40 AM,0.4161755,0.0979793,4.070561,0.03590328,0.9939796,-0.09948072
10/22/2020 7:56:40 AM,0.4159445,0.09817671,4.070385,0.03521786,0.9941519,-0.09806053
10/22/2020 7:56:40 AM,0.4157706,0.09817706,4.070273,0.0347085,0.9942825,-0.09695727
10/22/2020 7:56:40 AM,0.4156566,0.09826684,4.070001,0.0343929,0.9943776,-0.09612143
10/22/2020 7:56:40 AM,0.4154336,0.09849906,4.069792,0.03407665,0.9944807,-0.09510774
10/22/2020 7:56:40 AM,0.4151718,0.09836157,4.069388,0.03413418,0.9945396,-0.0944482
10/22/2020 7:56:40 AM,0.4149058,0.09843533,4.06904,0.03393122,0.9945965,-0.09391951
10/22/2020 7:56:40 AM,0.414674,0.09847492,4.06864,0.03332152,0.994634,-0.09378045
10/22/2020 7:56:40 AM,0.4144426,0.09820285,4.068273,0.03260453,0.9946383,-0.09408612
10/22/2020 7:56:40 AM,0.4142881,0.09799537,4.067966,0.03195058,0.9945731,-0.09506722
10/22/2020 7:56:40 AM,0.4141465,0.09785593,4.067746,0.03116886,0.994491,-0.09624598
10/22/2020 7:56:40 AM,0.4139776,0.09764566,4.067484,0.03043505,0.9943718,-0.09778522
10/22/2020 7:56:40 AM,0.4138575,0.09765911,4.067223,0.02964654,0.9942684,-0.09914965
10/22/2020 7:56:40 AM,0.4138368,0.09754725,4.067038,0.02854753,0.99418,-0.1003661
10/22/2020 7:56:40 AM,0.4138398,0.09753922,4.066868,0.02763395,0.9941352,-0.1010737
10/22/2020 7:56:40 AM,0.4138832,0.09741773,4.066523,0.02690652,0.9941049,-0.1015318
10/22/2020 7:56:40 AM,0.413955,0.09714447,4.066242,0.02624074,0.9940785,-0.1018713
10/22/2020 7:56:40 AM,0.4140068,0.09691075,4.065977,0.02577846,0.9940264,-0.102364
10/22/2020 7:56:40 AM,0.4140086,0.09688913,4.06561,0.02514513,0.9939823,-0.1028182
10/22/2020 7:56:40 AM,0.4140173,0.09681599,4.065272,0.02436667,0.9939498,-0.1032073
10/22/2020 7:56:40 AM,0.4140106,0.09681118,4.064803,0.02368291,0.9939424,-0.1033601
10/22/2020 7:56:40 AM,0.4139371,0.09671918,4.064527,0.02259755,0.9939131,-0.1037735
10/22/2020 7:56:40 AM,0.4137825,0.0968135,4.063973,0.02140157,0.9939859,-0.1032814
10/22/2020 7:56:41 AM,0.4137057,0.09674925,4.063584,0.01926897,0.9939671,-0.103848
10/22/2020 7:56:41 AM,0.4136392,0.09649313,4.063238,0.01733509,0.9939155,-0.1046696
10/22/2020 7:56:41 AM,0.4134763,0.09645665,4.062837,0.01567463,0.993867,-0.1053481
10/22/2020 7:56:41 AM,0.4133818,0.09668098,4.062308,0.01384449,0.9938594,-0.1056286
10/22/2020 7:56:41 AM,0.4131554,0.09665054,4.061737,0.01235255,0.9938936,-0.1055072
10/22/2020 7:56:41 AM,0.4129277,0.09663437,4.061099,0.01082579,0.9939437,-0.1052603
10/22/2020 7:56:41 AM,0.4126845,0.09659117,4.060474,0.00931402,0.9940147,-0.1048972
10/22/2020 7:56:41 AM,0.4124347,0.09635232,4.059949,0.007616101,0.9940544,-0.1048746
10/22/2020 7:56:41 AM,0.412178,0.09638242,4.059529,0.005768244,0.9940788,-0.1050715
10/22/2020 7:56:41 AM,0.412035,0.09642916,4.059071,0.004515964,0.9940805,-0.1054617
10/22/2020 7:56:41 AM,0.4119067,0.09650176,4.058737,0.003504124,0.9941081,-0.1055114
10/22/2020 7:56:41 AM,0.4117305,0.09657633,4.058315,0.002624392,0.9941379,-0.1055315
10/22/2020 7:56:41 AM,0.4116114,0.09656434,4.058018,0.002017899,0.9941903,-0.10529
10/22/2020 7:56:41 AM,0.4116153,0.09670843,4.057553,0.001665067,0.9942385,-0.1050922
10/22/2020 7:56:41 AM,0.4116598,0.09666034,4.057258,0.00147683,0.9943067,-0.1046158
10/22/2020 7:56:41 AM,0.4116383,0.09663621,4.05693,0.001425357,0.9943555,-0.1042779
10/22/2020 7:56:41 AM,0.4116704,0.09674612,4.05652,0.001259228,0.9944403,-0.1035658
10/22/2020 7:56:41 AM,0.4117236,0.09695454,4.056033,6.316336E-05,0.9945512,-0.1025859
10/22/2020 7:56:41 AM,0.4118601,0.09716034,4.055532,-0.001253664,0.9946564,-0.1016811
10/22/2020 7:56:41 AM,0.4120699,0.09677465,4.055288,-0.00230357,0.9947059,-0.1012028
10/22/2020 7:56:41 AM,0.4121743,0.09694961,4.055063,-0.003135909,0.9947469,-0.1008094
10/22/2020 7:56:41 AM,0.4121842,0.09721817,4.054877,-0.003730758,0.9948093,-0.1001966
10/22/2020 7:56:41 AM,0.4121691,0.09725574,4.054803,-0.004254666,0.9948888,-0.09940131
10/22/2020 7:56:41 AM,0.4121563,0.0974136,4.054762,-0.004826393,0.9949118,-0.09918818
10/22/2020 7:56:41 AM,0.4121552,0.09755309,4.054665,-0.00544005,0.9950559,-0.09774891
10/22/2020 7:56:41 AM,0.412113,0.09747702,4.054719,-0.005955322,0.9951122,-0.09718923
10/22/2020 7:56:41 AM,0.4120646,0.09789659,4.054644,-0.006587217,0.9952038,-0.09628036
10/22/2020 7:56:41 AM,0.4120364,0.09824147,4.054723,-0.00720219,0.9953263,-0.09502921
10/22/2020 7:56:41 AM,0.4120427,0.09857574,4.05477,-0.00744394,0.9955161,-0.0930706
10/22/2020 7:56:41 AM,0.4119968,0.09869906,4.054935,-0.007737483,0.9956787,-0.09137826
10/22/2020 7:56:41 AM,0.4119067,0.09920865,4.055152,-0.007801813,0.9958661,-0.08938917
10/22/2020 7:56:41 AM,0.4117927,0.1000471,4.0554,-0.007831686,0.996124,-0.0865282
10/22/2020 7:56:41 AM,0.4116191,0.1007228,4.055587,-0.007910148,0.9963384,-0.08408137
10/22/2020 7:56:41 AM,0.4113792,0.102325,4.056067,-0.007754249,0.9967552,-0.07905189
10/22/2020 7:56:41 AM,0.4110992,0.1032758,4.056407,-0.007857027,0.9971447,-0.07404511
10/22/2020 7:56:41 AM,0.4108839,0.1036083,4.056742,-0.008026916,0.9975328,-0.06875285
10/22/2020 7:56:41 AM,0.410695,0.1042477,4.057249,-0.008337351,0.9978424,-0.06419606
10/22/2020 7:56:41 AM,0.4105338,0.1046071,4.05779,-0.008730123,0.9980649,-0.06069193
10/22/2020 7:56:41 AM,0.4103155,0.1052366,4.058174,-0.0090668,0.9982556,-0.05751918
10/22/2020 7:56:41 AM,0.4101737,0.1054825,4.05868,-0.009441894,0.9984107,-0.05481594
10/22/2020 7:56:41 AM,0.4101564,0.1057248,4.059017,-0.009785307,0.9984599,-0.05393483
10/22/2020 7:56:41 AM,0.4101425,0.1058263,4.059553,-0.009721155,0.9985326,-0.05263956
10/22/2020 7:56:41 AM,0.4102084,0.1058975,4.059806,-0.009459284,0.9985526,-0.05234721
10/22/2020 7:56:41 AM,0.4102555,0.105577,4.060336,-0.008914799,0.9985356,-0.05276402
10/22/2020 7:56:41 AM,0.4104528,0.1055024,4.060595,-0.008429683,0.9984699,-0.05407029
10/22/2020 7:56:41 AM,0.4105315,0.1053352,4.061037,-0.007566871,0.99838,-0.05578369
10/22/2020 7:56:41 AM,0.4105464,0.1059946,4.061288,-0.006470111,0.9983239,-0.05684964
10/22/2020 7:56:41 AM,0.4105349,0.1062739,4.061747,-0.005783634,0.9983337,-0.05668949
10/22/2020 7:56:41 AM,0.4105666,0.1066209,4.061742,-0.005195993,0.9983582,-0.05630238
10/22/2020 7:56:41 AM,0.4105467,0.1067763,4.061877,-0.004754602,0.9984099,-0.05540223
10/22/2020 7:56:41 AM,0.4105996,0.106759,4.061925,-0.004277598,0.9984392,-0.05489353
10/22/2020 7:56:41 AM,0.4105561,0.1067705,4.061985,-0.003875373,0.9984552,-0.05462196
10/22/2020 7:56:41 AM,0.4106262,0.1067527,4.061963,-0.003541327,0.9984501,-0.05471801
10/22/2020 7:56:41 AM,0.4106099,0.1068139,4.062002,-0.003369703,0.9984331,-0.05500561
10/22/2020 7:56:41 AM,0.4106948,0.1067827,4.061896,-0.003018945,0.9984082,-0.05542986
10/22/2020 7:56:41 AM,0.4106724,0.1067313,4.061729,-0.002862172,0.9983768,-0.05594091
10/22/2020 7:56:41 AM,0.4108093,0.106431,4.06151,-0.00262666,0.9983355,-0.05660746
10/22/2020 7:56:41 AM,0.4109825,0.1062414,4.061455,-0.002565891,0.998261,-0.05777224
10/22/2020 7:56:41 AM,0.4112164,0.1059393,4.061322,-0.002363452,0.9981548,-0.05936647
10/22/2020 7:56:41 AM,0.4113359,0.1055528,4.061047,-0.002062651,0.9980153,-0.06139965
10/22/2020 7:56:42 AM,0.4116137,0.1052385,4.060698,-0.001604923,0.997862,-0.06358868
10/22/2020 7:56:42 AM,0.4118769,0.1050653,4.06035,-0.001197964,0.9977082,-0.06566101
10/22/2020 7:56:42 AM,0.4123223,0.104837,4.059875,-0.0006381259,0.9975553,-0.06760604
10/22/2020 7:56:42 AM,0.4127227,0.1044803,4.059455,0.0001809516,0.9974152,-0.06919292
10/22/2020 7:56:42 AM,0.413264,0.1040637,4.059004,0.001157641,0.9972532,-0.07091059
10/22/2020 7:56:42 AM,0.4139653,0.103543,4.058619,0.002485421,0.9970613,-0.0727942
10/22/2020 7:56:42 AM,0.4149603,0.103202,4.058336,0.00452628,0.996833,-0.07467051
10/22/2020 7:56:42 AM,0.4161875,0.1026207,4.058054,0.007680028,0.996569,-0.07625261
10/22/2020 7:56:42 AM,0.4173958,0.1018833,4.057647,0.01218122,0.9962053,-0.07810305
10/22/2020 7:56:42 AM,0.4186083,0.10071,4.057142,0.01798542,0.9957142,-0.08033901
10/22/2020 7:56:42 AM,0.4197901,0.1000076,4.056708,0.02267049,0.9950774,-0.08363755
10/22/2020 7:56:42 AM,0.4207767,0.09850231,4.056108,0.02757351,0.9943426,-0.08764736
10/22/2020 7:56:42 AM,0.4216114,0.09727761,4.056279,0.03205481,0.9932998,-0.09475429
10/22/2020 7:56:42 AM,0.4226628,0.09736089,4.05639,0.03622541,0.9923433,-0.100534
10/22/2020 7:56:42 AM,0.423856,0.09715481,4.056483,0.03998612,0.9915606,-0.1043079
10/22/2020 7:56:42 AM,0.4245723,0.09760997,4.056323,0.0432475,0.9908571,-0.1072558
10/22/2020 7:56:42 AM,0.4253629,0.09813206,4.056051,0.0456886,0.9907226,-0.1061026
10/22/2020 7:56:42 AM,0.4261169,0.09800549,4.055366,0.04726518,0.9907393,-0.1040449
10/22/2020 7:56:42 AM,0.4269646,0.09717822,4.055276,0.0478193,0.9907411,-0.1030869
10/22/2020 7:56:42 AM,0.4276611,0.096706,4.054842,0.04961314,0.9904862,-0.1035314
10/22/2020 7:56:42 AM,0.4285019,0.09613305,4.054823,0.05087624,0.9903034,-0.1045243
10/22/2020 7:56:42 AM,0.4294811,0.09569263,4.05506,0.05145379,0.9900982,-0.1058574
10/22/2020 7:56:42 AM,0.4302599,0.09499928,4.055238,0.05321754,0.9897879,-0.1076841
10/22/2020 7:56:42 AM,0.4310004,0.09489886,4.055409,0.05469657,0.9895414,-0.109312
10/22/2020 7:56:42 AM,0.4318896,0.09473433,4.055621,0.05564847,0.9894432,-0.110164
10/22/2020 7:56:42 AM,0.4328849,0.09435058,4.0561,0.05687625,0.9893261,-0.1111976
10/22/2020 7:56:42 AM,0.434009,0.09406127,4.056629,0.05850565,0.989188,-0.112071
10/22/2020 7:56:42 AM,0.4350732,0.09377287,4.057237,0.06056437,0.989005,-0.1129908
10/22/2020 7:56:42 AM,0.4361315,0.09365535,4.057977,0.06314754,0.9887748,-0.1139235
10/22/2020 7:56:42 AM,0.437229,0.0935198,4.058393,0.06577946,0.988607,-0.1142953
10/22/2020 7:56:42 AM,0.4384499,0.09360335,4.058967,0.06861766,0.9884174,-0.1146077
10/22/2020 7:56:42 AM,0.4395792,0.09357859,4.059319,0.07147303,0.9883115,-0.1142028
10/22/2020 7:56:42 AM,0.440742,0.09348526,4.059724,0.07441183,0.9881927,-0.1139034
10/22/2020 7:56:42 AM,0.4419462,0.09348464,4.05993,0.0775803,0.9880922,-0.1133151
10/22/2020 7:56:42 AM,0.4430757,0.09348163,4.060155,0.08081745,0.9879795,-0.1127399
10/22/2020 7:56:42 AM,0.4441274,0.0932553,4.060288,0.08394872,0.9878601,-0.1123193
10/22/2020 7:56:42 AM,0.4450541,0.09306546,4.060439,0.08707603,0.9876849,-0.1124126
10/22/2020 7:56:42 AM,0.4460532,0.09287527,4.060345,0.09004436,0.9875457,-0.1124322
10/22/2020 7:56:42 AM,0.4470472,0.09266105,4.060285,0.09261627,0.9874084,-0.1125784
10/22/2020 7:56:42 AM,0.448052,0.09226944,4.06047,0.09494642,0.9872394,-0.1132049
10/22/2020 7:56:42 AM,0.4489196,0.09130809,4.060652,0.09707547,0.9870008,-0.1145161
10/22/2020 7:56:42 AM,0.4498692,0.09095254,4.060867,0.09898528,0.9867322,-0.1160833
10/22/2020 7:56:42 AM,0.4507601,0.09078252,4.060987,0.10063,0.9864813,-0.1177384
10/22/2020 7:56:42 AM,0.4517682,0.0907509,4.061077,0.1019398,0.9862751,-0.1192464
10/22/2020 7:56:42 AM,0.4527909,0.09087917,4.061237,0.1027959,0.9861692,-0.1201687
10/22/2020 7:56:42 AM,0.4538361,0.09074926,4.061389,0.1035959,0.9860991,-0.1207535
10/22/2020 7:56:42 AM,0.4548203,0.09077209,4.061677,0.1040453,0.9860744,-0.1211219
10/22/2020 7:56:42 AM,0.4558283,0.09081969,4.06179,0.1040353,0.9860947,-0.1215725
10/22/2020 7:56:42 AM,0.4568282,0.09081949,4.061947,0.1035708,0.9861964,-0.1217455
10/22/2020 7:56:42 AM,0.4579037,0.09084261,4.06211,0.1035015,0.9862295,-0.1221658
10/22/2020 7:56:42 AM,0.4590543,0.09076408,4.062404,0.1030247,0.9863102,-0.1225027
10/22/2020 7:56:42 AM,0.4602885,0.09061354,4.062687,0.1024942,0.9864009,-0.1227478
10/22/2020 7:56:42 AM,0.4616934,0.09046213,4.063101,0.1022533,0.9864375,-0.1230968
10/22/2020 7:56:42 AM,0.4630229,0.09064752,4.06352,0.1022214,0.9864404,-0.1234994
10/22/2020 7:56:42 AM,0.4644046,0.09089047,4.063962,0.1022213,0.9865006,-0.1233767
10/22/2020 7:56:42 AM,0.4658008,0.09119742,4.064286,0.1020052,0.9866299,-0.122914
10/22/2020 7:56:42 AM,0.4672615,0.09123679,4.064796,0.1019337,0.9867725,-0.1221719
10/22/2020 7:56:42 AM,0.4688665,0.0916719,4.065274,0.1017374,0.9869344,-0.1213454
10/22/2020 7:56:42 AM,0.4704236,0.09187332,4.065796,0.1016062,0.9870798,-0.1205162
10/22/2020 7:56:42 AM,0.4720918,0.09213105,4.066477,0.10156,0.9872254,-0.1195264
10/22/2020 7:56:43 AM,0.4738572,0.09256256,4.06705,0.1013902,0.9873818,-0.1184753
10/22/2020 7:56:43 AM,0.4755457,0.09272123,4.06766,0.1010651,0.9875674,-0.1172732
10/22/2020 7:56:43 AM,0.4773239,0.09298056,4.068183,0.1005055,0.9877764,-0.1160582
10/22/2020 7:56:43 AM,0.4790323,0.0930509,4.068827,0.1000976,0.9880562,-0.1140899
10/22/2020 7:56:43 AM,0.480651,0.09299376,4.069482,0.09926135,0.9882206,-0.1135568
10/22/2020 7:56:43 AM,0.4823121,0.09347478,4.070189,0.09814568,0.9884625,-0.1126832
10/22/2020 7:56:43 AM,0.4840181,0.09379054,4.070769,0.09716982,0.9887928,-0.1109281
10/22/2020 7:56:43 AM,0.4857237,0.09388801,4.071495,0.09648551,0.9891598,-0.1085905
10/22/2020 7:56:43 AM,0.4874383,0.09450004,4.072399,0.0958042,0.9894938,-0.1064248
10/22/2020 7:56:43 AM,0.4889866,0.09519001,4.073434,0.09530361,0.9900251,-0.1021699
10/22/2020 7:56:43 AM,0.490618,0.0961869,4.074426,0.09457175,0.9905959,-0.09756128
10/22/2020 7:56:43 AM,0.4922706,0.09669155,4.07552,0.09397604,0.9912055,-0.09210272
10/22/2020 7:56:43 AM,0.4938657,0.09728557,4.076552,0.09366177,0.9917554,-0.0865848
10/22/2020 7:56:43 AM,0.4954422,0.09772512,4.077613,0.09317414,0.9922717,-0.08126026
10/22/2020 7:56:43 AM,0.4969634,0.09869317,4.078965,0.09283966,0.9926951,-0.07651217
10/22/2020 7:56:43 AM,0.4983222,0.09982286,4.080234,0.09249323,0.993198,-0.07033301
10/22/2020 7:56:43 AM,0.4997363,0.1009448,4.081486,0.09168554,0.9937371,-0.06363497
10/22/2020 7:56:43 AM,0.5010015,0.1015356,4.082649,0.09093016,0.9942033,-0.05724997
10/22/2020 7:56:43 AM,0.502289,0.1022794,4.083756,0.09007281,0.9946281,-0.05097714
10/22/2020 7:56:43 AM,0.5035495,0.1030782,4.0849,0.08933095,0.9949747,-0.04522598
10/22/2020 7:56:43 AM,0.5047254,0.1033361,4.085865,0.0885401,0.9952701,-0.03991388
10/22/2020 7:56:43 AM,0.505756,0.1034088,4.086721,0.08758441,0.9954998,-0.03591745
10/22/2020 7:56:43 AM,0.5068434,0.1036444,4.087453,0.08666822,0.9956696,-0.03299705
10/22/2020 7:56:43 AM,0.5079036,0.1037827,4.088225,0.08615754,0.9957746,-0.03064946
10/22/2020 7:56:43 AM,0.5089153,0.1037707,4.088752,0.08530553,0.9958833,-0.02894418
10/22/2020 7:56:43 AM,0.5099096,0.1034,4.089151,0.08461411,0.9959382,-0.02847852
10/22/2020 7:56:43 AM,0.5108836,0.1032666,4.089784,0.08438838,0.9959306,-0.02886486
10/22/2020 7:56:43 AM,0.5117026,0.1028978,4.090296,0.08449284,0.9958659,-0.03020797
10/22/2020 7:56:43 AM,0.512521,0.1029703,4.09094,0.08447935,0.9958031,-0.03179438
10/22/2020 7:56:43 AM,0.5134239,0.1029588,4.091359,0.08421268,0.9957634,-0.03325213
10/22/2020 7:56:43 AM,0.5142471,0.1031926,4.091708,0.0838396,0.9957394,-0.03465758
10/22/2020 7:56:43 AM,0.5151134,0.1029031,4.091805,0.08343989,0.9957438,-0.03520663
10/22/2020 7:56:43 AM,0.5158625,0.1029096,4.092086,0.08285844,0.9957607,-0.03596143
10/22/2020 7:56:43 AM,0.5165538,0.1025649,4.092234,0.08232218,0.9957649,-0.03695784
10/22/2020 7:56:43 AM,0.5171792,0.1025069,4.092397,0.08179633,0.9957567,-0.03824374
10/22/2020 7:56:43 AM,0.5177993,0.1022013,4.092385,0.08133106,0.9957407,-0.03949394
10/22/2020 7:56:43 AM,0.5182995,0.1022316,4.092628,0.08065809,0.995724,-0.04101618
10/22/2020 7:56:43 AM,0.5188796,0.102064,4.092595,0.07956944,0.9957361,-0.0424242
10/22/2020 7:56:43 AM,0.519335,0.1018979,4.092597,0.07854772,0.99575,-0.04348442
10/22/2020 7:56:43 AM,0.5198182,0.1015751,4.092579,0.0774507,0.9957549,-0.04469208
10/22/2020 7:56:43 AM,0.5202285,0.1014294,4.092674,0.07643556,0.9957467,-0.04589064
10/22/2020 7:56:43 AM,0.520871,0.1007711,4.092649,0.07559057,0.9957151,-0.04711076
10/22/2020 7:56:43 AM,0.5212539,0.1007677,4.092824,0.07480434,0.9956669,-0.04855435
10/22/2020 7:56:43 AM,0.5218111,0.1002385,4.092687,0.07450098,0.9955694,-0.04986968
10/22/2020 7:56:43 AM,0.522319,0.1001882,4.092854,0.07434554,0.995481,-0.05085037
10/22/2020 7:56:43 AM,0.5229375,0.1000424,4.092867,0.07430047,0.9953972,-0.05163241
10/22/2020 7:56:43 AM,0.5234355,0.1000307,4.092919,0.07461268,0.9953114,-0.05194528
10/22/2020 7:56:43 AM,0.5239996,0.09969012,4.092943,0.07478215,0.99521,-0.05276975
10/22/2020 7:56:43 AM,0.5244607,0.09965703,4.09282,0.07536835,0.9951271,-0.05269775
10/22/2020 7:56:43 AM,0.5251401,0.09933943,4.092823,0.07587169,0.9950247,-0.05333767
10/22/2020 7:56:43 AM,0.5256161,0.09917571,4.092824,0.07645626,0.9949118,-0.05410355
10/22/2020 7:56:43 AM,0.526255,0.0989767,4.092715,0.07698262,0.9948093,-0.05494734
10/22/2020 7:56:43 AM,0.5267226,0.09884803,4.092612,0.07746432,0.9947078,-0.05593586
10/22/2020 7:56:43 AM,0.5273714,0.09854151,4.092498,0.07799266,0.9946129,-0.05689013
10/22/2020 7:56:43 AM,0.5278443,0.09845282,4.092427,0.07848013,0.9945235,-0.05791693
10/22/2020 7:56:43 AM,0.5283277,0.09802601,4.092266,0.07879524,0.9944479,-0.05900333
10/22/2020 7:56:43 AM,0.5287026,0.09775326,4.092249,0.07902163,0.9943495,-0.06052874
10/22/2020 7:56:43 AM,0.5293118,0.09755974,4.092203,0.07927226,0.9942415,-0.06202851
10/22/2020 7:56:43 AM,0.5297292,0.09762067,4.092144,0.07951587,0.9941462,-0.06328763
10/22/2020 7:56:43 AM,0.530331,0.09756022,4.092171,0.07989497,0.9940615,-0.06417751
10/22/2020 7:56:44 AM,0.5307503,0.09758642,4.092159,0.07998815,0.9940107,-0.06491681
10/22/2020 7:56:44 AM,0.5313359,0.09750345,4.092196,0.07997472,0.993951,-0.06584498
10/22/2020 7:56:44 AM,0.5318397,0.09728247,4.092381,0.08040486,0.9938907,-0.06622873
10/22/2020 7:56:44 AM,0.5323489,0.09716804,4.092321,0.08061743,0.993827,-0.0669531
10/22/2020 7:56:44 AM,0.5328161,0.09714779,4.092465,0.08086714,0.9937782,-0.06738752
10/22/2020 7:56:44 AM,0.5334971,0.09690633,4.092659,0.08117408,0.9937477,-0.06746128
10/22/2020 7:56:44 AM,0.5339357,0.09680528,4.092803,0.08171124,0.9936994,-0.06751737
10/22/2020 7:56:44 AM,0.5346014,0.09673432,4.092807,0.08234593,0.993647,-0.06747847
10/22/2020 7:56:44 AM,0.5350112,0.09672612,4.093013,0.08332376,0.9935814,-0.06721812
10/22/2020 7:56:44 AM,0.5355413,0.09655453,4.093024,0.08431326,0.9935167,-0.06690737
10/22/2020 7:56:44 AM,0.5359046,0.09646308,4.093163,0.0854165,0.9934479,-0.06655632
10/22/2020 7:56:44 AM,0.5364013,0.09638415,4.093197,0.08647755,0.9933675,-0.06644458
10/22/2020 7:56:44 AM,0.5367666,0.09632093,4.093412,0.08741371,0.993293,-0.06647234
10/22/2020 7:56:44 AM,0.5372006,0.09618623,4.093497,0.08838394,0.9932045,-0.06666814
10/22/2020 7:56:44 AM,0.5374187,0.09616174,4.093681,0.08936951,0.9931137,-0.06701145
10/22/2020 7:56:44 AM,0.5377437,0.09608573,4.093791,0.0899289,0.993062,-0.06730542
10/22/2020 7:56:44 AM,0.5378357,0.09615752,4.093897,0.09028929,0.9930335,-0.06752332
10/22/2020 7:56:44 AM,0.5381132,0.0959527,4.094088,0.09033609,0.993017,-0.06789805
10/22/2020 7:56:44 AM,0.5382214,0.09598974,4.094277,0.0905952,0.9929859,-0.06817904
10/22/2020 7:56:44 AM,0.5384806,0.09577127,4.094412,0.09084453,0.992956,-0.06848034
10/22/2020 7:56:44 AM,0.5385066,0.09577912,4.094564,0.09103688,0.9929367,-0.06868351
10/22/2020 7:56:44 AM,0.5387518,0.09567727,4.094705,0.09113058,0.9929321,-0.06878249
10/22/2020 7:56:44 AM,0.5387893,0.09569722,4.094855,0.09105925,0.9929302,-0.06905451
10/22/2020 7:56:44 AM,0.5389174,0.09552912,4.094953,0.0909005,0.9929437,-0.06922186
10/22/2020 7:56:44 AM,0.538871,0.09542762,4.095095,0.09088766,0.9929309,-0.06956486
10/22/2020 7:56:44 AM,0.5389816,0.09532268,4.095304,0.0907702,0.9929267,-0.06991158
10/22/2020 7:56:44 AM,0.5389324,0.09535674,4.095474,0.09062237,0.9929269,-0.07021771
10/22/2020 7:56:44 AM,0.5389929,0.09532939,4.095598,0.09054288,0.9929277,-0.07040634
10/22/2020 7:56:44 AM,0.5389458,0.09544492,4.0957,0.09034841,0.9929577,-0.07038855
10/22/2020 7:56:44 AM,0.5390126,0.09536706,4.095823,0.09017153,0.9929976,-0.07022205
10/22/2020 7:56:44 AM,0.5388305,0.09511521,4.095765,0.0900777,0.9929982,-0.07044024
10/22/2020 7:56:44 AM,0.5389031,0.09483889,4.095731,0.09007494,0.9929712,-0.07092924
10/22/2020 7:56:44 AM,0.5389957,0.09471755,4.095714,0.0901708,0.992929,-0.07157549
10/22/2020 7:56:44 AM,0.53887,0.09463103,4.095593,0.09006427,0.9929144,-0.07210518
10/22/2020 7:56:44 AM,0.5389184,0.09446878,4.095407,0.08977452,0.9928921,-0.07289869
10/22/2020 7:56:44 AM,0.5388262,0.09436252,4.094975,0.08936871,0.9928589,-0.07389949
10/22/2020 7:56:44 AM,0.5390995,0.0942857,4.094587,0.08882622,0.9929509,-0.07340015
10/22/2020 7:56:44 AM,0.5389339,0.09322429,4.094241,0.08871613,0.9928649,-0.07483822
10/22/2020 7:56:44 AM,0.5389003,0.0931551,4.094046,0.08864444,0.9927525,-0.07648931
10/22/2020 7:56:44 AM,0.5390376,0.09290306,4.093887,0.08834378,0.992669,-0.07801226
10/22/2020 7:56:44 AM,0.5392088,0.09281377,4.093715,0.08824123,0.9925984,-0.07913914
10/22/2020 7:56:44 AM,0.5393405,0.09290556,4.093543,0.08775563,0.9925858,-0.07994673
10/22/2020 7:56:44 AM,0.5393043,0.09263825,4.093355,0.08804245,0.9926168,-0.07937177
10/22/2020 7:56:44 AM,0.5392788,0.09196784,4.093468,0.0877233,0.9925841,-0.08007785
10/22/2020 7:56:44 AM,0.5392832,0.09138393,4.093849,0.08791984,0.9924256,-0.08166879
10/22/2020 7:56:44 AM,0.5393069,0.09156315,4.094714,0.08872379,0.9921988,-0.08339471
10/22/2020 7:56:44 AM,0.5396688,0.09235394,4.095179,0.08956299,0.992151,-0.08298842
10/22/2020 7:56:44 AM,0.5396236,0.09343244,4.095645,0.0902116,0.9923421,-0.0800894
10/22/2020 7:56:44 AM,0.5395655,0.09385397,4.096015,0.09086177,0.9926028,-0.07601121
10/22/2020 7:56:44 AM,0.5395386,0.09461257,4.096238,0.09111301,0.992856,-0.07224839
10/22/2020 7:56:44 AM,0.5396179,0.09464212,4.096601,0.09176209,0.9930944,-0.06800736
10/22/2020 7:56:44 AM,0.5395066,0.09458618,4.096928,0.09283193,0.9932134,-0.06482613
10/22/2020 7:56:44 AM,0.5393912,0.0945257,4.097407,0.09391959,0.9932849,-0.06225008
10/22/2020 7:56:44 AM,0.5390817,0.09454754,4.097834,0.09501974,0.9932786,-0.06073437
10/22/2020 7:56:44 AM,0.5387831,0.09464386,4.098291,0.09628553,0.9932659,-0.05913661
10/22/2020 7:56:44 AM,0.538254,0.09514479,4.098677,0.09718727,0.9932765,-0.0576775
10/22/2020 7:56:44 AM,0.5375566,0.09516889,4.099209,0.09809838,0.9932756,-0.05642182
10/22/2020 7:56:44 AM,0.5367497,0.09508608,4.099638,0.09910325,0.9932595,-0.05514288
10/22/2020 7:56:44 AM,0.5358245,0.09476219,4.100114,0.0999464,0.9932395,-0.05423974
10/22/2020 7:56:44 AM,0.5346133,0.09443346,4.100657,0.1006851,0.9931956,-0.05396691
10/22/2020 7:56:45 AM,0.533524,0.09443954,4.101216,0.1014138,0.9931461,-0.05382276
10/22/2020 7:56:45 AM,0.5321948,0.09428087,4.101756,0.1021335,0.9930934,-0.05382624
10/22/2020 7:56:45 AM,0.530875,0.09391069,4.102263,0.1030697,0.99304,-0.05361434
10/22/2020 7:56:45 AM,0.5293267,0.09364234,4.102753,0.1040745,0.9929604,-0.05388367
10/22/2020 7:56:45 AM,0.5277749,0.09339132,4.103474,0.1043493,0.9929773,-0.05392307
10/22/2020 7:56:45 AM,0.5259617,0.09371046,4.103755,0.1038352,0.993066,-0.05403267
10/22/2020 7:56:45 AM,0.5241705,0.09381615,4.104138,0.1030234,0.9931847,-0.05396836
10/22/2020 7:56:45 AM,0.522233,0.09398539,4.104631,0.1029741,0.9932261,-0.05369363
10/22/2020 7:56:45 AM,0.5200894,0.09427796,4.104812,0.1035247,0.9932092,-0.05308608
10/22/2020 7:56:45 AM,0.517615,0.09533033,4.104894,0.1041534,0.9931991,-0.05185949
10/22/2020 7:56:45 AM,0.5148529,0.0952467,4.105074,0.1044266,0.9931862,-0.05109609
10/22/2020 7:56:45 AM,0.5119901,0.09596501,4.105244,0.1038141,0.993189,-0.05169683
10/22/2020 7:56:45 AM,0.5097829,0.09932396,4.104689,0.102671,0.9932207,-0.05281579
10/22/2020 7:56:45 AM,0.5070101,0.1000402,4.104978,0.1020636,0.9932554,-0.0525314
10/22/2020 7:56:45 AM,0.5038996,0.1001235,4.104958,0.1009673,0.9932247,-0.05436934
10/22/2020 7:56:45 AM,0.5010177,0.1013048,4.105251,0.09889323,0.9933475,-0.05503859
10/22/2020 7:56:45 AM,0.4980232,0.101433,4.105183,0.09617043,0.9935288,-0.05585689
10/22/2020 7:56:45 AM,0.4951259,0.102059,4.105669,0.09313283,0.9937507,-0.05644282
10/22/2020 7:56:45 AM,0.4924172,0.1026316,4.106105,0.08973759,0.9940358,-0.05646056
10/22/2020 7:56:45 AM,0.4896716,0.1023565,4.106509,0.08632284,0.9943964,-0.05498192
10/22/2020 7:56:45 AM,0.4868073,0.1024687,4.107248,0.08457823,0.9944162,-0.05697957
10/22/2020 7:56:45 AM,0.4837479,0.1041218,4.107907,0.08321986,0.9945824,-0.05559055
10/22/2020 7:56:45 AM,0.480908,0.1047726,4.107828,0.0810497,0.9949241,-0.05250419
10/22/2020 7:56:45 AM,0.4778331,0.1050916,4.107905,0.07899103,0.9952274,-0.04950677
10/22/2020 7:56:45 AM,0.4750267,0.1058451,4.107844,0.07626218,0.9955475,-0.04718988
10/22/2020 7:56:45 AM,0.4721372,0.1061534,4.107852,0.07336951,0.9958714,-0.04472254
10/22/2020 7:56:45 AM,0.4692293,0.1053353,4.108118,0.07141459,0.9960299,-0.04434482
10/22/2020 7:56:45 AM,0.4665006,0.1057851,4.109129,0.06948943,0.9961429,-0.04487484
10/22/2020 7:56:45 AM,0.4637088,0.1060058,4.109415,0.06839874,0.9962142,-0.04494444
10/22/2020 7:56:45 AM,0.4609855,0.1069128,4.11014,0.06773103,0.9963009,-0.0439045
10/22/2020 7:56:45 AM,0.4582617,0.1083018,4.110343,0.06626442,0.9965094,-0.04125202
10/22/2020 7:56:45 AM,0.4554388,0.1094733,4.110323,0.06435759,0.996764,-0.0380194
10/22/2020 7:56:45 AM,0.4525445,0.1107306,4.110703,0.06245167,0.9971552,-0.03079097
10/22/2020 7:56:45 AM,0.4499536,0.1106263,4.110627,0.05977638,0.9974772,-0.0266721
10/22/2020 7:56:45 AM,0.4476713,0.1103382,4.110627,0.05739867,0.9977191,-0.02459732
10/22/2020 7:56:45 AM,0.4453472,0.1104916,4.110697,0.05544407,0.9978982,-0.02302444
10/22/2020 7:56:45 AM,0.4432533,0.1103657,4.110899,0.0535977,0.9980322,-0.02300941
10/22/2020 7:56:45 AM,0.4411848,0.1105601,4.11118,0.05110075,0.9981853,-0.02333209
10/22/2020 7:56:45 AM,0.4393043,0.1110523,4.111529,0.04854909,0.9983481,-0.02319778
10/22/2020 7:56:45 AM,0.4375424,0.1108756,4.112028,0.04630247,0.9984901,-0.02316003
10/22/2020 7:56:45 AM,0.4359076,0.110749,4.112558,0.04504342,0.9985953,-0.0227848
10/22/2020 7:56:45 AM,0.4345725,0.1104451,4.112942,0.04445579,0.998631,-0.0239691
10/22/2020 7:56:45 AM,0.4336286,0.1103032,4.113989,0.04435074,0.9986326,-0.02493474
10/22/2020 7:56:45 AM,0.4325415,0.1103034,4.114586,0.0446934,0.9986039,-0.02581309
10/22/2020 7:56:45 AM,0.4312417,0.1103436,4.114981,0.04549231,0.9985406,-0.02697654
10/22/2020 7:56:45 AM,0.429935,0.1102495,4.116036,0.04647111,0.998457,-0.0285227
10/22/2020 7:56:45 AM,0.4287411,0.1099126,4.117278,0.04712602,0.9983884,-0.02996079
10/22/2020 7:56:45 AM,0.4279345,0.1099075,4.119433,0.0470573,0.9983855,-0.03040002
10/22/2020 7:56:45 AM,0.4273463,0.1091951,4.121283,0.04733551,0.9983471,-0.03136345
10/22/2020 7:56:45 AM,0.4266303,0.1077827,4.123004,0.04909073,0.9981949,-0.03339095
10/22/2020 7:56:45 AM,0.4259848,0.1063685,4.124511,0.05131828,0.9979733,-0.03657904
10/22/2020 7:56:45 AM,0.4256981,0.1044124,4.1266,0.05245658,0.997692,-0.04217122
10/22/2020 7:56:45 AM,0.425437,0.1026366,4.129288,0.05339537,0.9972842,-0.04992306
10/22/2020 7:56:45 AM,0.4249151,0.1015575,4.131951,0.05601609,0.9966491,-0.05899506
10/22/2020 7:56:45 AM,0.4250028,0.1016677,4.134973,0.05773265,0.9961494,-0.06552091
10/22/2020 7:56:45 AM,0.424938,0.1004807,4.137459,0.06076889,0.9957623,-0.06857354
10/22/2020 7:56:45 AM,0.4247982,0.0998565,4.139361,0.06410889,0.9952832,-0.07234087
10/22/2020 7:56:45 AM,0.4249398,0.09976856,4.141762,0.06670132,0.994918,-0.07490031
10/22/2020 7:56:45 AM,0.4250957,0.0987273,4.143031,0.06892852,0.9946669,-0.07606927
10/22/2020 7:56:45 AM,0.4253719,0.09574237,4.144364,0.07126465,0.9942918,-0.07849277
10/22/2020 7:56:46 AM,0.4260153,0.09392354,4.145739,0.07310481,0.9936646,-0.08420029
10/22/2020 7:56:46 AM,0.4266534,0.09303103,4.146461,0.0756163,0.9929538,-0.08983684
10/22/2020 7:56:46 AM,0.4273207,0.09061269,4.147065,0.07932211,0.9922092,-0.09430872
10/22/2020 7:56:46 AM,0.4272875,0.08789045,4.147727,0.08503579,0.9909183,-0.1020503
10/22/2020 7:56:46 AM,0.4276959,0.08640501,4.148094,0.08929097,0.9897299,-0.1092996
10/22/2020 7:56:46 AM,0.4283448,0.08488505,4.148046,0.09228935,0.9887758,-0.1148789
10/22/2020 7:56:46 AM,0.428334,0.08164483,4.148232,0.09539784,0.9876877,-0.121104
10/22/2020 7:56:46 AM,0.4287318,0.0796516,4.148199,0.09815008,0.9864144,-0.12876
10/22/2020 7:56:46 AM,0.4291384,0.07766989,4.147939,0.101155,0.9852301,-0.1350183
10/22/2020 7:56:46 AM,0.4294505,0.0757972,4.147234,0.1044682,0.9842604,-0.1391475
10/22/2020 7:56:46 AM,0.4296082,0.0739081,4.145501,0.1070807,0.9836428,-0.141202
10/22/2020 7:56:46 AM,0.4293982,0.07016627,4.14527,0.1093702,0.9831689,-0.1424505
10/22/2020 7:56:46 AM,0.4288951,0.06622656,4.145782,0.1107204,0.9822707,-0.1473353
10/22/2020 7:56:46 AM,0.4288815,0.06365071,4.145967,0.1115003,0.9811903,-0.153738
10/22/2020 7:56:46 AM,0.4289445,0.06091184,4.146639,0.1124652,0.9801355,-0.159446
10/22/2020 7:56:46 AM,0.4290475,0.05867359,4.147508,0.1131322,0.97913,-0.1646466
10/22/2020 7:56:46 AM,0.4293719,0.05742767,4.147819,0.1135076,0.9785258,-0.1674222
10/22/2020 7:56:46 AM,0.4293056,0.05579485,4.148159,0.1151638,0.9781953,-0.1675047
10/22/2020 7:56:46 AM,0.4288082,0.05368812,4.148094,0.117526,0.9780689,-0.1657732
10/22/2020 7:56:46 AM,0.4281263,0.05172024,4.148049,0.1197372,0.9777316,-0.1654077
10/22/2020 7:56:46 AM,0.427043,0.04977307,4.148318,0.1216623,0.9773449,-0.165484
10/22/2020 7:56:46 AM,0.4263394,0.04902808,4.148523,0.1225587,0.9769635,-0.1664569
10/22/2020 7:56:46 AM,0.4257959,0.04884524,4.148761,0.1218727,0.9770467,-0.1658864
10/22/2020 7:56:46 AM,0.4252831,0.04828896,4.148985,0.1208515,0.9773623,-0.1640588
10/22/2020 7:56:46 AM,0.4245159,0.04743985,4.149127,0.1199245,0.9776602,-0.1624613
10/22/2020 7:56:46 AM,0.4238487,0.04656277,4.149037,0.1187506,0.9778677,-0.1617521
10/22/2020 7:56:46 AM,0.4231355,0.04521763,4.149069,0.1179486,0.9778289,-0.1625241
10/22/2020 7:56:46 AM,0.4227918,0.04498146,4.149316,0.1175686,0.9774419,-0.1653273
10/22/2020 7:56:46 AM,0.4226801,0.04525083,4.149562,0.1176313,0.9771147,-0.1674195
10/22/2020 7:56:46 AM,0.4225084,0.04496969,4.149808,0.1181557,0.9767911,-0.1690796
10/22/2020 7:56:46 AM,0.422158,0.04467473,4.150316,0.1191757,0.9764658,-0.1704195
10/22/2020 7:56:46 AM,0.4220684,0.04484463,4.150836,0.1200637,0.9761872,-0.1716988
10/22/2020 7:56:46 AM,0.4217108,0.04432109,4.151316,0.121508,0.975923,-0.1723869
10/22/2020 7:56:46 AM,0.4210868,0.04387314,4.151615,0.1229996,0.9755366,-0.1737112
10/22/2020 7:56:46 AM,0.4204896,0.04354863,4.151987,0.1242473,0.9751399,-0.1753359
10/22/2020 7:56:46 AM,0.4199329,0.04303724,4.15261,0.126097,0.974599,-0.1772603
10/22/2020 7:56:46 AM,0.4193445,0.04286417,4.153248,0.1283295,0.974009,-0.1789344
10/22/2020 7:56:46 AM,0.4187246,0.04294445,4.15385,0.1309624,0.9734365,-0.1799834
10/22/2020 7:56:46 AM,0.4178627,0.04312873,4.154189,0.1329663,0.9730642,-0.1802131
10/22/2020 7:56:46 AM,0.4166554,0.04310989,4.15452,0.135147,0.9726968,-0.1800641
10/22/2020 7:56:46 AM,0.4158004,0.04379468,4.154149,0.1358821,0.9726035,-0.1793752
10/22/2020 7:56:46 AM,0.4145859,0.04325287,4.153941,0.1364479,0.9725534,-0.1783406
10/22/2020 7:56:46 AM,0.4130085,0.04263476,4.153494,0.1369139,0.9724134,-0.177837
10/22/2020 7:56:46 AM,0.4111189,0.04238062,4.152672,0.136716,0.9723182,-0.1777927
10/22/2020 7:56:46 AM,0.4091592,0.04318032,4.152236,0.1358577,0.9722245,-0.1786114
10/22/2020 7:56:46 AM,0.4076524,0.04354933,4.151803,0.1347596,0.9719746,-0.1807393
10/22/2020 7:56:46 AM,0.4063458,0.04430452,4.151202,0.1333952,0.9721219,-0.1808615
10/22/2020 7:56:46 AM,0.4049985,0.04546598,4.150633,0.1317069,0.9725929,-0.1792802
10/22/2020 7:56:46 AM,0.4036772,0.04532839,4.14957,0.1304006,0.973176,-0.1769671
10/22/2020 7:56:46 AM,0.4025779,0.04551394,4.148538,0.1293668,0.9736427,-0.1751822
10/22/2020 7:56:46 AM,0.4015087,0.04528571,4.147853,0.1279198,0.9740642,-0.1739448
10/22/2020 7:56:46 AM,0.4003808,0.04474921,4.147062,0.1263279,0.9742917,-0.1742066
10/22/2020 7:56:46 AM,0.3994071,0.0441177,4.146381,0.1247282,0.9742216,-0.1763819
10/22/2020 7:56:46 AM,0.3988326,0.0437055,4.14567,0.1236264,0.974153,-0.178087
10/22/2020 7:56:46 AM,0.397966,0.04308011,4.144923,0.1227441,0.9738112,-0.1810386
10/22/2020 7:56:46 AM,0.397273,0.04283322,4.144457,0.1218731,0.973359,-0.1846403
10/22/2020 7:56:46 AM,0.3970007,0.04273061,4.142817,0.1206417,0.9730433,-0.187683
10/22/2020 7:56:46 AM,0.3966005,0.04229917,4.1428,0.1195249,0.9728254,-0.189922
10/22/2020 7:56:46 AM,0.3962867,0.04164772,4.142235,0.1185978,0.9725277,-0.192404
10/22/2020 7:56:46 AM,0.3961025,0.04166891,4.141755,0.1177719,0.9721702,-0.1950492
10/22/2020 7:56:47 AM,0.3962681,0.04224731,4.140689,0.1170027,0.9720578,-0.1964505
10/22/2020 7:56:47 AM,0.3962,0.04296771,4.140298,0.1166359,0.9724518,-0.1948044
10/22/2020 7:56:47 AM,0.3960654,0.04192267,4.139549,0.1171747,0.9725808,-0.1940176
10/22/2020 7:56:47 AM,0.3960187,0.04067105,4.13832,0.1178165,0.972436,-0.1944815
10/22/2020 7:56:47 AM,0.3960992,0.03825322,4.13801,0.1191926,0.9716516,-0.1975166
10/22/2020 7:56:47 AM,0.3960788,0.0367092,4.137014,0.1195349,0.970431,-0.2031922
10/22/2020 7:56:47 AM,0.3964453,0.03616652,4.134658,0.1196088,0.9699124,-0.2057868
10/22/2020 7:56:47 AM,0.3960862,0.03383875,4.134284,0.1210246,0.9693298,-0.2078373
10/22/2020 7:56:47 AM,0.3961826,0.03363891,4.135138,0.1213428,0.9682472,-0.2129679
10/22/2020 7:56:47 AM,0.3965711,0.03403905,4.136049,0.1211732,0.9674928,-0.21678
10/22/2020 7:56:47 AM,0.3971873,0.0348158,4.136704,0.1224943,0.9671306,-0.2177043
10/22/2020 7:56:47 AM,0.3979533,0.03594397,4.136915,0.1230599,0.9674298,-0.2157634
10/22/2020 7:56:47 AM,0.3984582,0.03613125,4.137022,0.1230979,0.9681322,-0.2120272
10/22/2020 7:56:47 AM,0.3986154,0.0357656,4.137145,0.1235081,0.968643,-0.2088243
10/22/2020 7:56:47 AM,0.3986314,0.03522384,4.137158,0.1235504,0.9690546,-0.2062573
10/22/2020 7:56:47 AM,0.3986542,0.03496152,4.137155,0.1232131,0.969267,-0.2050056
10/22/2020 7:56:47 AM,0.3985408,0.03423822,4.137273,0.1229236,0.9693285,-0.2044933
10/22/2020 7:56:47 AM,0.3983507,0.03415039,4.137056,0.1225296,0.9690335,-0.2060964
10/22/2020 7:56:47 AM,0.3984939,0.03417297,4.137108,0.1216737,0.9689472,-0.2070469
10/22/2020 7:56:47 AM,0.3984632,0.03405184,4.137015,0.1211851,0.9688733,-0.2077015
10/22/2020 7:56:47 AM,0.3985294,0.03400056,4.136977,0.1207841,0.9688509,-0.2081588
10/22/2020 7:56:47 AM,0.3984374,0.03371514,4.137232,0.1207873,0.9687644,-0.2087486
10/22/2020 7:56:47 AM,0.3986273,0.03407988,4.137472,0.1211455,0.9685724,-0.209649
10/22/2020 7:56:47 AM,0.3984888,0.03446115,4.137701,0.1214549,0.9685691,-0.2096646
10/22/2020 7:56:47 AM,0.398712,0.03473824,4.137888,0.1216473,0.9685875,-0.2096368
10/22/2020 7:56:47 AM,0.3985221,0.03528517,4.137976,0.1223712,0.9687796,-0.20841
10/22/2020 7:56:47 AM,0.3985885,0.03556908,4.138293,0.1231294,0.9689091,-0.2074329
10/22/2020 7:56:47 AM,0.3984241,0.03576859,4.13859,0.1240927,0.9690151,-0.2063589
10/22/2020 7:56:47 AM,0.3981825,0.0359861,4.13898,0.1246904,0.9691562,-0.205233
10/22/2020 7:56:47 AM,0.3979495,0.03629712,4.139421,0.1248309,0.9693167,-0.2043652
10/22/2020 7:56:47 AM,0.3977023,0.03690495,4.140065,0.1239372,0.9696431,-0.2033625
10/22/2020 7:56:47 AM,0.397626,0.03735141,4.140639,0.1229561,0.9700761,-0.2019361
10/22/2020 7:56:47 AM,0.3976155,0.03788161,4.141107,0.1221864,0.9704551,-0.2004538
10/22/2020 7:56:47 AM,0.3972989,0.03828064,4.141807,0.1216809,0.9708018,-0.1987906
10/22/2020 7:56:47 AM,0.3970386,0.03909109,4.14219,0.1210552,0.9711899,-0.1970249
10/22/2020 7:56:47 AM,0.396799,0.03994477,4.142544,0.1199246,0.9718514,-0.1942657
10/22/2020 7:56:47 AM,0.3965921,0.04032542,4.143172,0.1182716,0.9725628,-0.191561
10/22/2020 7:56:47 AM,0.3964616,0.04088004,4.144036,0.116687,0.9730198,-0.1901669
10/22/2020 7:56:47 AM,0.3964831,0.0415442,4.144952,0.115396,0.9734761,-0.1884468
10/22/2020 7:56:47 AM,0.3962551,0.04203463,4.145895,0.1144682,0.9738876,-0.1867062
10/22/2020 7:56:47 AM,0.3963027,0.04260097,4.14696,0.1135556,0.9742674,-0.1852135
10/22/2020 7:56:47 AM,0.3963668,0.04317198,4.148109,0.113175,0.9745966,-0.1835691
10/22/2020 7:56:47 AM,0.3964792,0.04347583,4.149232,0.1129938,0.9748562,-0.1821109
10/22/2020 7:56:47 AM,0.3964619,0.04441273,4.1503,0.1127106,0.9750526,-0.1810015
10/22/2020 7:56:47 AM,0.3965208,0.04569221,4.151181,0.1126845,0.9754313,-0.1787035
10/22/2020 7:56:47 AM,0.3965892,0.04745252,4.152116,0.1121582,0.9762793,-0.1741039
10/22/2020 7:56:47 AM,0.3962241,0.0480601,4.153066,0.1121856,0.977157,-0.1686439
10/22/2020 7:56:47 AM,0.3954785,0.04859505,4.154447,0.1126187,0.9778787,-0.1636845
10/22/2020 7:56:47 AM,0.3951413,0.05072808,4.155107,0.1122336,0.9786797,-0.1588256
10/22/2020 7:56:47 AM,0.3946228,0.05254853,4.155788,0.1107606,0.9797977,-0.1526374
10/22/2020 7:56:47 AM,0.3939535,0.05445394,4.156752,0.1087564,0.9809886,-0.1463506
10/22/2020 7:56:47 AM,0.3936077,0.05667607,4.157936,0.1067358,0.982271,-0.1391844
10/22/2020 7:56:47 AM,0.3931455,0.05913983,4.159369,0.1049087,0.9836022,-0.1311231
10/22/2020 7:56:47 AM,0.3928346,0.06127817,4.159895,0.1034274,0.9853889,-0.1189249
10/22/2020 7:56:47 AM,0.3923654,0.06356765,4.160349,0.1020156,0.9866815,-0.1095203
10/22/2020 7:56:47 AM,0.3921524,0.06577214,4.161922,0.1007559,0.9879267,-0.09959761
10/22/2020 7:56:47 AM,0.3918214,0.06757338,4.163022,0.09956627,0.9890637,-0.08987012
10/22/2020 7:56:47 AM,0.391529,0.06859476,4.164272,0.09841225,0.9900008,-0.0817126
10/22/2020 7:56:47 AM,0.3913516,0.06979456,4.165368,0.09694812,0.9907857,-0.07549524
10/22/2020 7:56:47 AM,0.3913458,0.07004551,4.166578,0.09625206,0.9913509,-0.07102517
10/22/2020 7:56:48 AM,0.3915742,0.07110003,4.168007,0.09656094,0.9916677,-0.06803445
10/22/2020 7:56:48 AM,0.3915974,0.07223965,4.169448,0.09799905,0.9918105,-0.06507037
10/22/2020 7:56:48 AM,0.3915101,0.07276697,4.170306,0.09960718,0.9918968,-0.06203333
10/22/2020 7:56:48 AM,0.3915422,0.07403496,4.171772,0.1001199,0.9919968,-0.06040234
10/22/2020 7:56:48 AM,0.3913695,0.07425086,4.172758,0.1007855,0.9921386,-0.05733001
10/22/2020 7:56:48 AM,0.391322,0.07500385,4.173427,0.1003923,0.9923111,-0.05591096
10/22/2020 7:56:48 AM,0.3915312,0.07543613,4.174191,0.09917926,0.9926354,-0.05285969
10/22/2020 7:56:48 AM,0.3915712,0.0750574,4.175036,0.09883313,0.9928211,-0.05028535
10/22/2020 7:56:48 AM,0.391518,0.07526854,4.17569,0.0989364,0.9928961,-0.04886566
10/22/2020 7:56:48 AM,0.391597,0.07602456,4.176144,0.09899957,0.992988,-0.04693203
10/22/2020 7:56:48 AM,0.3914178,0.07541814,4.176092,0.09931473,0.9930803,-0.04416823
10/22/2020 7:56:48 AM,0.39126,0.07489668,4.176479,0.09928904,0.9931367,-0.04313397
10/22/2020 7:56:48 AM,0.3910104,0.07434483,4.176732,0.09885726,0.9931927,-0.04329951
10/22/2020 7:56:48 AM,0.3909675,0.07388173,4.177045,0.09815586,0.9932336,-0.04495919
10/22/2020 7:56:48 AM,0.3910549,0.07376031,4.1776,0.09797958,0.9932133,-0.04651352
10/22/2020 7:56:48 AM,0.3911565,0.07377008,4.178205,0.09820882,0.9931358,-0.04793983
10/22/2020 7:56:48 AM,0.3911112,0.07382087,4.178538,0.09841213,0.9931017,-0.04823834
10/22/2020 7:56:48 AM,0.3911751,0.07398296,4.178815,0.09799556,0.9931532,-0.04774284
10/22/2020 7:56:48 AM,0.3911407,0.07364091,4.178893,0.09762689,0.9931892,-0.04765051
10/22/2020 7:56:48 AM,0.3912309,0.07356388,4.179229,0.09745588,0.9931961,-0.04756834
10/22/2020 7:56:48 AM,0.3910955,0.07279275,4.179508,0.09774371,0.9931161,-0.04800945
10/22/2020 7:56:48 AM,0.390853,0.07237519,4.179348,0.09862566,0.9929207,-0.04974887
10/22/2020 7:56:48 AM,0.3907084,0.07266243,4.179139,0.09843083,0.9927936,-0.05243108
10/22/2020 7:56:48 AM,0.3907387,0.07327464,4.179239,0.09788498,0.9928101,-0.05341114
10/22/2020 7:56:48 AM,0.3905657,0.07327168,4.178871,0.09805573,0.9928025,-0.05314388
10/22/2020 7:56:48 AM,0.3903592,0.07298735,4.178644,0.09826082,0.9927672,-0.05321965
10/22/2020 7:56:48 AM,0.3900415,0.07285917,4.178284,0.09750332,0.9928157,-0.05367621
10/22/2020 7:56:48 AM,0.3898065,0.07233889,4.177787,0.09643219,0.9928794,-0.05489585
10/22/2020 7:56:48 AM,0.3897383,0.07197747,4.177534,0.09531518,0.9928702,-0.05737735
10/22/2020 7:56:48 AM,0.3898842,0.07202585,4.177472,0.09409401,0.992825,-0.0602002
10/22/2020 7:56:48 AM,0.3899564,0.07213363,4.176985,0.0937365,0.9927506,-0.06190968
10/22/2020 7:56:48 AM,0.3898996,0.07222112,4.176368,0.09423905,0.9926316,-0.06257246
10/22/2020 7:56:48 AM,0.3896561,0.07225296,4.175813,0.09390563,0.99258,-0.06329869
10/22/2020 7:56:48 AM,0.3893496,0.0721338,4.175427,0.0928098,0.9926009,-0.06431563
10/22/2020 7:56:48 AM,0.3890821,0.07197161,4.175152,0.09195977,0.992599,-0.06556009
10/22/2020 7:56:48 AM,0.3888673,0.07213596,4.174138,0.09224908,0.9924805,-0.06659356
10/22/2020 7:56:48 AM,0.3885962,0.07221964,4.172819,0.0921094,0.9924451,-0.06646972
10/22/2020 7:56:48 AM,0.388061,0.07191368,4.171947,0.09149523,0.9923834,-0.06757393
10/22/2020 7:56:48 AM,0.3874921,0.07170019,4.171126,0.09107945,0.9922557,-0.06940084
10/22/2020 7:56:48 AM,0.3868184,0.07168087,4.170004,0.09082325,0.9920885,-0.07146662
10/22/2020 7:56:48 AM,0.3861699,0.07222757,4.168838,0.09040848,0.9919767,-0.07277615
10/22/2020 7:56:48 AM,0.3853025,0.07232853,4.16723,0.0895028,0.991986,-0.07318199
10/22/2020 7:56:48 AM,0.3843589,0.07207783,4.165621,0.08835649,0.9920024,-0.07386538
10/22/2020 7:56:48 AM,0.3834516,0.0720342,4.163951,0.08656086,0.9920478,-0.07493453
10/22/2020 7:56:48 AM,0.3824759,0.07150397,4.162402,0.0842598,0.9920964,-0.07701889
10/22/2020 7:56:48 AM,0.3816885,0.07118233,4.160731,0.08225349,0.9920383,-0.08049654
10/22/2020 7:56:48 AM,0.3811946,0.07084492,4.159217,0.08082294,0.9919021,-0.08419982
10/22/2020 7:56:48 AM,0.3808252,0.07082247,4.157488,0.07979877,0.9917812,-0.0869117
10/22/2020 7:56:48 AM,0.3804747,0.07067537,4.15565,0.07978293,0.9915951,-0.08898444
10/22/2020 7:56:48 AM,0.3798341,0.07030129,4.153556,0.0803807,0.9913675,-0.09054821
10/22/2020 7:56:48 AM,0.3790406,0.06992618,4.151635,0.08060788,0.9911025,-0.09268888
10/22/2020 7:56:48 AM,0.3781403,0.06952742,4.149549,0.08065055,0.9908044,-0.09547995
10/22/2020 7:56:48 AM,0.377323,0.06909619,4.147381,0.08072682,0.9904662,-0.09861878
10/22/2020 7:56:48 AM,0.376485,0.06908746,4.145135,0.08017495,0.9902105,-0.1013471
10/22/2020 7:56:48 AM,0.3757309,0.06891665,4.142731,0.07942253,0.9900693,-0.1031364
10/22/2020 7:56:48 AM,0.3749991,0.06867817,4.140247,0.07807978,0.9900242,-0.1044101
10/22/2020 7:56:48 AM,0.374305,0.06863248,4.137466,0.07698845,0.9899369,-0.1058935
10/22/2020 7:56:48 AM,0.3735633,0.06829149,4.135062,0.07627924,0.9898496,-0.1069444
10/22/2020 7:56:48 AM,0.3728693,0.06797865,4.13255,0.07603348,0.9896334,-0.1087727
10/22/2020 7:56:48 AM,0.3721939,0.06845135,4.12971,0.07538405,0.9895434,-0.1096756
10/22/2020 7:56:49 AM,0.3714992,0.06861117,4.126721,0.07492801,0.9895547,-0.1095296
10/22/2020 7:56:49 AM,0.3707807,0.06848958,4.123673,0.07448634,0.9896584,-0.1084785
10/22/2020 7:56:49 AM,0.3700757,0.06830195,4.1205,0.07362429,0.9897875,-0.1076086
10/22/2020 7:56:49 AM,0.3693095,0.06789434,4.117188,0.07268904,0.9899076,-0.1069448
10/22/2020 7:56:49 AM,0.3686878,0.0672899,4.113958,0.07146329,0.9900376,-0.1066384
10/22/2020 7:56:49 AM,0.3678933,0.06641626,4.111002,0.07083658,0.9900022,-0.1073309
10/22/2020 7:56:49 AM,0.367254,0.06626569,4.108142,0.07051175,0.9898155,-0.1091684
10/22/2020 7:56:49 AM,0.3666822,0.06698427,4.105224,0.07112288,0.9895652,-0.1106674
10/22/2020 7:56:49 AM,0.3660022,0.06625883,4.102647,0.07278005,0.9893913,-0.1099302
10/22/2020 7:56:49 AM,0.3647464,0.06615023,4.099402,0.0713492,0.9892061,-0.1115186
10/22/2020 7:56:49 AM,0.3643909,0.06677133,4.096385,0.06697579,0.9894856,-0.1120816
10/22/2020 7:56:49 AM,0.3638109,0.06409132,4.094939,0.06248315,0.9893321,-0.1164785
10/22/2020 7:56:49 AM,0.3635241,0.06083613,4.095347,0.06132042,0.988085,-0.1279754
10/22/2020 7:56:49 AM,0.3630965,0.06009298,4.095911,0.06165602,0.9862619,-0.1413634
10/22/2020 7:56:49 AM,0.3625591,0.0604637,4.095924,0.06362154,0.9846896,-0.1508502
10/22/2020 7:56:49 AM,0.3621375,0.0630058,4.095714,0.06579234,0.9837266,-0.1553621
10/22/2020 7:56:49 AM,0.3613847,0.06401825,4.095063,0.0663831,0.9837417,-0.1540397
10/22/2020 7:56:49 AM,0.360459,0.06476645,4.093678,0.06640394,0.984306,-0.1496955
10/22/2020 7:56:49 AM,0.35976,0.06486602,4.092795,0.06590841,0.9845707,-0.147846
10/22/2020 7:56:49 AM,0.3589503,0.06411416,4.091922,0.06544949,0.9848756,-0.1456926
10/22/2020 7:56:49 AM,0.3582352,0.06328832,4.091091,0.06551347,0.9849494,-0.1450173
10/22/2020 7:56:49 AM,0.357235,0.0619697,4.090727,0.06594146,0.9847403,-0.1459898
10/22/2020 7:56:49 AM,0.3563481,0.06171924,4.089938,0.06647258,0.9842665,-0.148964
10/22/2020 7:56:49 AM,0.3556058,0.06165836,4.089156,0.06641991,0.9840853,-0.1503645
10/22/2020 7:56:49 AM,0.3550196,0.06105468,4.088124,0.06655982,0.9838531,-0.1519588
10/22/2020 7:56:49 AM,0.3544095,0.06049812,4.087405,0.06722072,0.9835219,-0.1535748
10/22/2020 7:56:49 AM,0.3536484,0.05981816,4.086794,0.06774686,0.9831142,-0.15555
10/22/2020 7:56:49 AM,0.35272,0.05904887,4.086004,0.06768692,0.9826028,-0.1583631
10/22/2020 7:56:49 AM,0.3519254,0.0585908,4.085159,0.06699739,0.9821621,-0.1610929
10/22/2020 7:56:49 AM,0.3511309,0.05794241,4.084308,0.06635984,0.9817511,-0.1635654
10/22/2020 7:56:49 AM,0.350399,0.05758891,4.083755,0.06528386,0.9813507,-0.1661134
10/22/2020 7:56:49 AM,0.349616,0.05721541,4.082984,0.063977,0.9809809,-0.1687424
10/22/2020 7:56:49 AM,0.3488514,0.05650683,4.082583,0.06327578,0.9805722,-0.17145
10/22/2020 7:56:49 AM,0.348217,0.05658093,4.081999,0.06264451,0.9801752,-0.1740031
10/22/2020 7:56:49 AM,0.3475397,0.05640226,4.08133,0.06174245,0.9799849,-0.1754914
10/22/2020 7:56:49 AM,0.3467201,0.05566175,4.080992,0.06139799,0.979797,-0.1767434
10/22/2020 7:56:49 AM,0.3459024,0.05517013,4.08084,0.06149755,0.9794218,-0.1789788
10/22/2020 7:56:49 AM,0.3450755,0.05491736,4.080652,0.06149599,0.9790152,-0.1814267
10/22/2020 7:56:49 AM,0.3443804,0.05455691,4.080739,0.06139547,0.9785733,-0.1840359
10/22/2020 7:56:49 AM,0.3437079,0.05463903,4.080647,0.06133037,0.9781789,-0.1862304
10/22/2020 7:56:49 AM,0.3431356,0.05447404,4.080827,0.06116317,0.9779103,-0.1876432
10/22/2020 7:56:49 AM,0.3425756,0.05425736,4.081187,0.06107677,0.9776067,-0.1890571
10/22/2020 7:56:49 AM,0.3420072,0.05394413,4.081244,0.06104152,0.9773167,-0.1902536
10/22/2020 7:56:49 AM,0.3414217,0.05354463,4.081357,0.0611905,0.9769876,-0.1913457
10/22/2020 7:56:49 AM,0.3406879,0.05283842,4.081664,0.06107684,0.9766769,-0.1922665
10/22/2020 7:56:49 AM,0.339794,0.052956,4.081912,0.06113437,0.9762808,-0.1936006
10/22/2020 7:56:49 AM,0.339148,0.05350479,4.082052,0.05987023,0.976312,-0.1932679
10/22/2020 7:56:49 AM,0.33833,0.05324867,4.082543,0.05902093,0.9762406,-0.1935227
10/22/2020 7:56:49 AM,0.3377011,0.05291409,4.082841,0.05785693,0.9762924,-0.1935084
10/22/2020 7:56:49 AM,0.3369706,0.05284568,4.08293,0.05682916,0.9761992,-0.1941709
10/22/2020 7:56:49 AM,0.3363577,0.05271465,4.083775,0.05568582,0.9760799,-0.1951871
10/22/2020 7:56:49 AM,0.3357307,0.05279771,4.084261,0.05463776,0.9759226,-0.1964575
10/22/2020 7:56:49 AM,0.335252,0.05276439,4.084649,0.05380172,0.975828,-0.1974439
10/22/2020 7:56:49 AM,0.3346937,0.05280833,4.085455,0.05332392,0.975739,-0.1983108
10/22/2020 7:56:49 AM,0.3343718,0.05283732,4.085876,0.05310792,0.9756864,-0.1988154
10/22/2020 7:56:49 AM,0.3340347,0.05280719,4.086452,0.05274623,0.9756805,-0.1990554
10/22/2020 7:56:49 AM,0.3337739,0.05275871,4.08719,0.0525747,0.9755695,-0.1996751
10/22/2020 7:56:49 AM,0.3336028,0.05266175,4.087398,0.0520665,0.9755559,-0.1998177
10/22/2020 7:56:49 AM,0.3334455,0.0525071,4.088218,0.0509965,0.9755284,-0.2001865
10/22/2020 7:56:49 AM,0.3332908,0.05215019,4.088669,0.05019262,0.9754118,-0.2009291
10/22/2020 7:56:50 AM,0.3330762,0.05153201,4.089701,0.05050319,0.9751465,-0.2020563
10/22/2020 7:56:50 AM,0.3328452,0.0514868,4.090363,0.0511622,0.9747195,-0.2037488
10/22/2020 7:56:50 AM,0.3326201,0.05158728,4.091082,0.0517712,0.974404,-0.2048496
10/22/2020 7:56:50 AM,0.3323056,0.05189027,4.091523,0.0524535,0.9742225,-0.2053019
10/22/2020 7:56:50 AM,0.3320748,0.05209137,4.09226,0.05275808,0.9741855,-0.2051019
10/22/2020 7:56:50 AM,0.3319595,0.05204905,4.092739,0.05268471,0.9741805,-0.2048412
10/22/2020 7:56:50 AM,0.3316816,0.05247376,4.093106,0.05254367,0.9741853,-0.2045375
10/22/2020 7:56:50 AM,0.3314348,0.05265158,4.093561,0.05220981,0.9743204,-0.2037693
10/22/2020 7:56:50 AM,0.331231,0.0526798,4.093877,0.052107,0.9743605,-0.2034119
10/22/2020 7:56:50 AM,0.3310073,0.05316531,4.094171,0.05181322,0.9744229,-0.2029513
10/22/2020 7:56:50 AM,0.3308039,0.05326115,4.094304,0.05168806,0.9745002,-0.2023908
10/22/2020 7:56:50 AM,0.3305567,0.05363088,4.094441,0.05157775,0.9746072,-0.2017311
10/22/2020 7:56:50 AM,0.3303275,0.05393689,4.09445,0.05173796,0.9747829,-0.2007027
10/22/2020 7:56:50 AM,0.330067,0.05417501,4.094428,0.0519409,0.9749047,-0.2000237
10/22/2020 7:56:50 AM,0.3298857,0.05430171,4.094496,0.05205718,0.9750518,-0.1991908
10/22/2020 7:56:50 AM,0.3295857,0.0542287,4.094501,0.05236613,0.9750913,-0.1988732
10/22/2020 7:56:50 AM,0.329438,0.05417003,4.094672,0.05240256,0.9751309,-0.1986141
10/22/2020 7:56:50 AM,0.3293002,0.05412385,4.094716,0.05184288,0.9751388,-0.198821
10/22/2020 7:56:50 AM,0.3293116,0.05390427,4.094875,0.05100302,0.9751874,-0.1990436
10/22/2020 7:56:50 AM,0.3292566,0.05380535,4.095139,0.05069348,0.9751555,-0.1995262
10/22/2020 7:56:50 AM,0.3293781,0.05377537,4.095424,0.05042027,0.9750891,-0.200092
10/22/2020 7:56:50 AM,0.3293778,0.05399999,4.095736,0.0502737,0.975033,-0.2005545
10/22/2020 7:56:50 AM,0.3294675,0.05406895,4.096036,0.05017285,0.9750586,-0.2006134
10/22/2020 7:56:50 AM,0.3296079,0.05434598,4.09646,0.04985131,0.9751863,-0.2002067
10/22/2020 7:56:50 AM,0.3297158,0.05472884,4.096683,0.04944396,0.9753188,-0.1997302
10/22/2020 7:56:50 AM,0.329929,0.05485088,4.097038,0.04922113,0.9756078,-0.1985276
10/22/2020 7:56:50 AM,0.3301816,0.05502855,4.097397,0.04889163,0.975814,-0.1976477
10/22/2020 7:56:50 AM,0.3303735,0.05551834,4.097747,0.0487464,0.9759987,-0.1967642
10/22/2020 7:56:50 AM,0.3306149,0.05578326,4.09791,0.04861395,0.9763351,-0.1951414
10/22/2020 7:56:50 AM,0.3308291,0.05612874,4.098242,0.04854137,0.9766375,-0.1935906
10/22/2020 7:56:50 AM,0.3310891,0.05650283,4.098371,0.04839396,0.9769682,-0.191931
10/22/2020 7:56:50 AM,0.331271,0.05682906,4.098515,0.04824746,0.9772891,-0.1902691
10/22/2020 7:56:50 AM,0.3315367,0.05717772,4.098559,0.04810206,0.9776299,-0.1885594
10/22/2020 7:56:50 AM,0.3316919,0.05770196,4.098471,0.04784594,0.9779761,-0.1868334
10/22/2020 7:56:50 AM,0.3319091,0.05794592,4.09853,0.04765686,0.9782885,-0.1853154
10/22/2020 7:56:50 AM,0.3320786,0.05853429,4.098578,0.04748844,0.9785867,-0.183844
10/22/2020 7:56:50 AM,0.3323563,0.05907647,4.09864,0.04725489,0.9789646,-0.1819553
10/22/2020 7:56:50 AM,0.3324732,0.0597405,4.098678,0.04680543,0.9794287,-0.1795687
10/22/2020 7:56:50 AM,0.3326614,0.06081226,4.098819,0.04618447,0.979993,-0.1766528
10/22/2020 7:56:50 AM,0.3329712,0.06244301,4.099175,0.04493125,0.9808255,-0.1722677
10/22/2020 7:56:50 AM,0.3332312,0.06480356,4.099536,0.04344312,0.9819453,-0.1659149
10/22/2020 7:56:50 AM,0.3334997,0.06634066,4.100199,0.04193053,0.9832904,-0.1576646
10/22/2020 7:56:50 AM,0.3336262,0.06802194,4.100913,0.04049424,0.9845654,-0.1492221
10/22/2020 7:56:50 AM,0.3335717,0.07039275,4.10183,0.0386367,0.985935,-0.1396811
10/22/2020 7:56:50 AM,0.3337271,0.07306498,4.102764,0.03691061,0.9874223,-0.1285561
10/22/2020 7:56:50 AM,0.3336772,0.07529825,4.10402,0.03534993,0.988825,-0.116855
10/22/2020 7:56:50 AM,0.333662,0.07702103,4.105197,0.03407506,0.9900729,-0.1052035
10/22/2020 7:56:50 AM,0.3337484,0.07884385,4.106458,0.03289113,0.9910349,-0.09528227
10/22/2020 7:56:50 AM,0.3338807,0.0801561,4.107708,0.03241808,0.9917837,-0.08629776
10/22/2020 7:56:50 AM,0.3337696,0.08157395,4.109309,0.0319492,0.9923884,-0.07794233
10/22/2020 7:56:50 AM,0.3337107,0.08289549,4.110673,0.03186221,0.9928212,-0.07128168
10/22/2020 7:56:50 AM,0.3335355,0.0849015,4.112028,0.03176855,0.9931725,-0.06512228
10/22/2020 7:56:50 AM,0.3333352,0.08635382,4.113338,0.03147119,0.9935457,-0.0587154
10/22/2020 7:56:50 AM,0.3332513,0.08752178,4.114584,0.03121785,0.9938994,-0.05192221
10/22/2020 7:56:50 AM,0.3331353,0.08836684,4.115853,0.03101725,0.99419,-0.04600395
10/22/2020 7:56:50 AM,0.3329702,0.08917287,4.116824,0.03117051,0.9944147,-0.04118021
10/22/2020 7:56:50 AM,0.3328566,0.09009488,4.117941,0.03123793,0.9945967,-0.03660786
10/22/2020 7:56:50 AM,0.3326621,0.09036125,4.11882,0.03116853,0.9947512,-0.03283738
10/22/2020 7:56:50 AM,0.3325207,0.09063511,4.119594,0.03124805,0.9948427,-0.03077324
10/22/2020 7:56:50 AM,0.3322851,0.09070289,4.12044,0.03107508,0.9949176,-0.02955759
10/22/2020 7:56:51 AM,0.3321404,0.09088085,4.121203,0.03092405,0.9949797,-0.02917241
10/22/2020 7:56:51 AM,0.3319904,0.09093459,4.122048,0.03089987,0.9950218,-0.02878676
10/22/2020 7:56:51 AM,0.3319206,0.09096184,4.12259,0.03087491,0.9950663,-0.02898035
10/22/2020 7:56:51 AM,0.3317631,0.09097007,4.123374,0.03117819,0.9950663,-0.02928115
10/22/2020 7:56:51 AM,0.3316087,0.09114031,4.123896,0.03139138,0.9950748,-0.02938349
10/22/2020 7:56:51 AM,0.3314946,0.09102662,4.124264,0.03165182,0.9950786,-0.02934415
10/22/2020 7:56:51 AM,0.3313828,0.0908118,4.12472,0.03183347,0.9950549,-0.02980937
10/22/2020 7:56:51 AM,0.3312956,0.09073493,4.125246,0.03202522,0.9950172,-0.03035251
10/22/2020 7:56:51 AM,0.331279,0.09051803,4.125491,0.03223877,0.9949557,-0.03104761
10/22/2020 7:56:51 AM,0.33126,0.09059751,4.125995,0.03212961,0.9948569,-0.03214722
10/22/2020 7:56:51 AM,0.3312608,0.09035787,4.126365,0.03222194,0.9947767,-0.03275196
10/22/2020 7:56:51 AM,0.3312353,0.09020256,4.126622,0.03227878,0.9946777,-0.03357684
10/22/2020 7:56:51 AM,0.3312205,0.09021862,4.126842,0.03214968,0.9945908,-0.0342706
10/22/2020 7:56:51 AM,0.331141,0.09004228,4.1271,0.03218661,0.9945214,-0.03498296
10/22/2020 7:56:51 AM,0.3311166,0.08978169,4.127234,0.03215582,0.9944711,-0.03575309
10/22/2020 7:56:51 AM,0.3310526,0.08950398,4.127497,0.03226585,0.9944384,-0.03648708
10/22/2020 7:56:51 AM,0.3310821,0.08921587,4.127761,0.03260578,0.994392,-0.03756279
10/22/2020 7:56:51 AM,0.3310726,0.0893271,4.128105,0.03280055,0.9943641,-0.03820992
10/22/2020 7:56:51 AM,0.3311337,0.08926274,4.128244,0.03299331,0.9943472,-0.0385571
10/22/2020 7:56:51 AM,0.3311497,0.08920741,4.128446,0.03307511,0.9943364,-0.03877165
10/22/2020 7:56:51 AM,0.3312373,0.08900471,4.128642,0.03316726,0.9943184,-0.0390975
10/22/2020 7:56:51 AM,0.3313075,0.08879268,4.128781,0.03334418,0.9942848,-0.03936926
10/22/2020 7:56:51 AM,0.3313545,0.08836632,4.128951,0.0336537,0.9942139,-0.03997484
10/22/2020 7:56:51 AM,0.3314041,0.08818664,4.129117,0.03414185,0.9941067,-0.04109215
10/22/2020 7:56:51 AM,0.3314652,0.08826572,4.129266,0.03444953,0.9939999,-0.04200057
10/22/2020 7:56:51 AM,0.3313867,0.08834095,4.129189,0.03464175,0.9939319,-0.04240609
10/22/2020 7:56:51 AM,0.3314349,0.08826132,4.129131,0.0347533,0.99389,-0.04253422
10/22/2020 7:56:51 AM,0.3313439,0.08814573,4.128964,0.03433045,0.9938933,-0.04255084
10/22/2020 7:56:51 AM,0.3313571,0.08796546,4.128824,0.03412772,0.993872,-0.04305951
10/22/2020 7:56:51 AM,0.3312328,0.08760085,4.128621,0.03391413,0.9938573,-0.04368015
10/22/2020 7:56:51 AM,0.331071,0.08722326,4.128507,0.03409297,0.9938075,-0.04482562
10/22/2020 7:56:51 AM,0.3307264,0.08702814,4.128316,0.03425043,0.9937369,-0.0464432
10/22/2020 7:56:51 AM,0.3304374,0.08706713,4.128142,0.03415567,0.9936973,-0.04779832
10/22/2020 7:56:51 AM,0.3300278,0.08694768,4.127762,0.03379873,0.9937024,-0.04912335
10/22/2020 7:56:51 AM,0.3296906,0.08670066,4.127523,0.03356358,0.9937106,-0.05020151
10/22/2020 7:56:51 AM,0.3292654,0.08650006,4.127054,0.03321576,0.9937243,-0.05142006
10/22/2020 7:56:51 AM,0.3288254,0.08632389,4.126683,0.0328554,0.9937305,-0.05257108
10/22/2020 7:56:51 AM,0.3283341,0.08598605,4.126119,0.03277342,0.993708,-0.05404069
10/22/2020 7:56:51 AM,0.3277482,0.08545351,4.125832,0.03277133,0.9936388,-0.05589419
10/22/2020 7:56:51 AM,0.3270807,0.08516376,4.125292,0.03276365,0.993544,-0.05816033
10/22/2020 7:56:51 AM,0.3263406,0.08523881,4.124846,0.03258532,0.9934811,-0.06013917
10/22/2020 7:56:51 AM,0.3256711,0.08523971,4.124226,0.0324021,0.9934322,-0.06172241
10/22/2020 7:56:51 AM,0.3249798,0.08538906,4.123593,0.03198346,0.9934101,-0.06268124
10/22/2020 7:56:51 AM,0.324265,0.08543813,4.122956,0.03139497,0.9933744,-0.06338356
10/22/2020 7:56:51 AM,0.3234658,0.08521824,4.122228,0.03091544,0.9933534,-0.06384686
10/22/2020 7:56:51 AM,0.3225996,0.08489083,4.121575,0.0307014,0.9932951,-0.06464411
10/22/2020 7:56:51 AM,0.3216104,0.08472656,4.121007,0.03046259,0.9932247,-0.06576503
10/22/2020 7:56:51 AM,0.3205128,0.08457015,4.120164,0.03049608,0.9931642,-0.06682598
10/22/2020 7:56:51 AM,0.3194989,0.08440578,4.119359,0.0305431,0.9931202,-0.06790323
10/22/2020 7:56:51 AM,0.3183817,0.08428186,4.118512,0.03055389,0.9930698,-0.0689922
10/22/2020 7:56:51 AM,0.3172152,0.08420366,4.117689,0.0306138,0.9929914,-0.07027243
10/22/2020 7:56:51 AM,0.3159429,0.08392681,4.116652,0.03076475,0.9929051,-0.07146885
10/22/2020 7:56:51 AM,0.3145348,0.08327271,4.115873,0.03107927,0.9927737,-0.07299222
10/22/2020 7:56:51 AM,0.3130035,0.08326125,4.114762,0.03130077,0.9926412,-0.07474532
10/22/2020 7:56:51 AM,0.3114954,0.08368793,4.113609,0.03121812,0.992562,-0.07594433
10/22/2020 7:56:51 AM,0.3098512,0.08382774,4.11223,0.03081378,0.992551,-0.07649179
10/22/2020 7:56:51 AM,0.3082591,0.08381943,4.110838,0.02993145,0.9925986,-0.07676171
10/22/2020 7:56:51 AM,0.306649,0.08368294,4.109247,0.02893914,0.9926699,-0.07684579
10/22/2020 7:56:51 AM,0.3050793,0.08351986,4.107664,0.02797214,0.9927189,-0.07709692
10/22/2020 7:56:51 AM,0.3034035,0.08300741,4.105983,0.02719844,0.9927239,-0.07797913
10/22/2020 7:56:52 AM,0.3017363,0.08282463,4.104484,0.0266481,0.9926223,-0.08003569
10/22/2020 7:56:52 AM,0.2999903,0.08273874,4.102888,0.0261058,0.9924826,-0.08231017
10/22/2020 7:56:52 AM,0.2982178,0.08290771,4.101125,0.02537416,0.9923564,-0.08459131
10/22/2020 7:56:52 AM,0.2964472,0.08280507,4.099398,0.02449927,0.9922152,-0.08703384
10/22/2020 7:56:52 AM,0.2947234,0.08294828,4.097562,0.02363621,0.9920762,-0.08961897
10/22/2020 7:56:52 AM,0.2930319,0.08313919,4.095692,0.02284812,0.991946,-0.09198707
10/22/2020 7:56:52 AM,0.2913661,0.082977,4.093838,0.0222019,0.99181,-0.0942861
10/22/2020 7:56:52 AM,0.2896994,0.08278982,4.091859,0.02143399,0.9916824,-0.09656915
10/22/2020 7:56:52 AM,0.2880822,0.08261645,4.089873,0.02068239,0.9915799,-0.09846124
10/22/2020 7:56:52 AM,0.2864709,0.08249788,4.087504,0.0197839,0.9915643,-0.09951993
10/22/2020 7:56:52 AM,0.2849109,0.08229265,4.085204,0.01911724,0.9915627,-0.1003762
10/22/2020 7:56:52 AM,0.2834157,0.08222221,4.082691,0.01841054,0.9915652,-0.1012278
10/22/2020 7:56:52 AM,0.2822273,0.08217625,4.080022,0.01800637,0.9916123,-0.1014143
10/22/2020 7:56:52 AM,0.2808908,0.08201177,4.077157,0.0178342,0.9916386,-0.1015016
10/22/2020 7:56:52 AM,0.2794936,0.08179234,4.074155,0.01728194,0.9916656,-0.1017663
10/22/2020 7:56:52 AM,0.278177,0.0810374,4.071211,0.01642738,0.9916494,-0.1027129
10/22/2020 7:56:52 AM,0.2773739,0.08092536,4.068023,0.0156384,0.9915559,-0.1045766
10/22/2020 7:56:52 AM,0.2765191,0.08081564,4.064865,0.01529926,0.9914691,-0.1055667
10/22/2020 7:56:52 AM,0.2756468,0.08067922,4.061548,0.01512026,0.9913943,-0.1060661
10/22/2020 7:56:52 AM,0.2746212,0.08007886,4.057755,0.01522241,0.99129,-0.1066804
10/22/2020 7:56:52 AM,0.2735333,0.07940902,4.054046,0.01521132,0.9911329,-0.1080924
10/22/2020 7:56:52 AM,0.2724324,0.07875992,4.050195,0.01502052,0.9909592,-0.1101419
10/22/2020 7:56:52 AM,0.2714731,0.07839075,4.046435,0.01475431,0.9907944,-0.1122671
10/22/2020 7:56:52 AM,0.2705237,0.07804158,4.042376,0.01447582,0.9907317,-0.1134822
10/22/2020 7:56:52 AM,0.2693192,0.0775418,4.038282,0.01453819,0.990693,-0.1143444
10/22/2020 7:56:52 AM,0.2677799,0.07714513,4.033768,0.01381567,0.9908001,-0.1146467
10/22/2020 7:56:52 AM,0.2663335,0.07633027,4.029231,0.01274573,0.9908898,-0.1153738
10/22/2020 7:56:52 AM,0.2651908,0.07500923,4.024791,0.01077523,0.9909859,-0.1168592
10/22/2020 7:56:52 AM,0.2644821,0.07394297,4.02061,0.009318856,0.9909461,-0.1187097
10/22/2020 7:56:52 AM,0.2637472,0.07310402,4.016593,0.008203034,0.9908356,-0.1204897
10/22/2020 7:56:52 AM,0.2629466,0.07295164,4.012124,0.006675357,0.9907468,-0.1218226
10/22/2020 7:56:52 AM,0.2622554,0.07258467,4.007331,0.005035568,0.9906605,-0.1233842
10/22/2020 7:56:52 AM,0.2616118,0.0726986,4.002769,0.003825473,0.9905471,-0.1251601
10/22/2020 7:56:52 AM,0.2612089,0.07325336,3.998052,0.003300329,0.9904571,-0.1266913
10/22/2020 7:56:52 AM,0.260655,0.07321396,3.993361,0.002563394,0.9903663,-0.1281695
10/22/2020 7:56:52 AM,0.2603302,0.07336067,3.988718,0.002158949,0.9903396,-0.1291501
10/22/2020 7:56:52 AM,0.2599837,0.07354634,3.983995,0.002066244,0.9903263,-0.1298819
10/22/2020 7:56:52 AM,0.259556,0.07349069,3.979324,0.001399554,0.9902483,-0.131165
10/22/2020 7:56:52 AM,0.2592213,0.0733164,3.974898,0.0004078564,0.9900736,-0.1335061
10/22/2020 7:56:52 AM,0.2590514,0.07362981,3.970424,-0.000245469,0.9899689,-0.1353403
10/22/2020 7:56:52 AM,0.2589678,0.07373865,3.966001,-0.0001222725,0.9899719,-0.1360676
10/22/2020 7:56:52 AM,0.2588521,0.07389724,3.961659,0.001067141,0.9901304,-0.1353633
10/22/2020 7:56:52 AM,0.2583094,0.07371151,3.957188,0.003180594,0.9903067,-0.1341527
10/22/2020 7:56:52 AM,0.2576336,0.07350226,3.952773,0.003881632,0.9903666,-0.1338313
10/22/2020 7:56:52 AM,0.2570775,0.07381607,3.94846,0.003716378,0.9902259,-0.1350536
10/22/2020 7:56:52 AM,0.2563499,0.07434303,3.944285,0.002437007,0.9899607,-0.1369294
10/22/2020 7:56:52 AM,0.2555883,0.07440506,3.940175,0.001186532,0.989702,-0.1388767
10/22/2020 7:56:52 AM,0.2546493,0.07486556,3.936109,-0.0004104803,0.9895684,-0.1398543
10/22/2020 7:56:52 AM,0.2534322,0.07551902,3.932002,-0.001467577,0.9896319,-0.1394455
10/22/2020 7:56:52 AM,0.2520631,0.07548402,3.927726,-0.00183723,0.9898667,-0.1378313
10/22/2020 7:56:52 AM,0.2504849,0.07589452,3.923428,-0.001803121,0.9901106,-0.1361656
10/22/2020 7:56:52 AM,0.2488263,0.07640073,3.919354,-0.00121313,0.9903066,-0.1347148
10/22/2020 7:56:52 AM,0.246959,0.07640851,3.915528,-0.0001325523,0.9903899,-0.1338413
10/22/2020 7:56:52 AM,0.2446678,0.07639669,3.911984,0.001194211,0.9903339,-0.1338492
10/22/2020 7:56:52 AM,0.2419187,0.07675453,3.90871,0.002728385,0.9902564,-0.133844
10/22/2020 7:56:52 AM,0.2387388,0.07676023,3.905748,0.004858462,0.9902449,-0.133223
10/22/2020 7:56:52 AM,0.2348443,0.07594234,3.902872,0.007953581,0.9902285,-0.1324786
10/22/2020 7:56:52 AM,0.2308676,0.07589528,3.900263,0.01026051,0.9902158,-0.131696
10/22/2020 7:56:52 AM,0.2268552,0.07576025,3.897884,0.01173744,0.9902405,-0.1306134
10/22/2020 7:56:52 AM,0.2222649,0.07549235,3.896101,0.01176909,0.9902145,-0.1297075
10/22/2020 7:56:53 AM,0.2171964,0.07538544,3.894334,0.01009864,0.9901617,-0.1292118
10/22/2020 7:56:53 AM,0.2121914,0.07576685,3.892741,0.008710982,0.9902986,-0.1272045
10/22/2020 7:56:53 AM,0.2068617,0.07582189,3.890646,0.007999913,0.9904601,-0.1247966
10/22/2020 7:56:53 AM,0.2009084,0.07560775,3.889368,0.007750699,0.9908114,-0.1204446
10/22/2020 7:56:53 AM,0.1946217,0.07492775,3.887753,0.008015883,0.9910204,-0.1169512
10/22/2020 7:56:53 AM,0.188186,0.07393339,3.886638,0.008269005,0.9910399,-0.1149013
10/22/2020 7:56:53 AM,0.1814006,0.07397237,3.885125,0.008086308,0.9909349,-0.1135645
10/22/2020 7:56:53 AM,0.173935,0.07232296,3.884314,0.008451171,0.9909379,-0.1110773
10/22/2020 7:56:53 AM,0.1660768,0.07093247,3.88372,0.0106871,0.9906054,-0.1115062
10/22/2020 7:56:53 AM,0.158044,0.07203558,3.883088,0.01273689,0.9903616,-0.1108543
10/22/2020 7:56:53 AM,0.14952,0.07151227,3.882657,0.01504809,0.9901605,-0.1089974
10/22/2020 7:56:53 AM,0.1405707,0.0708331,3.881971,0.01661482,0.9898176,-0.1081636
10/22/2020 7:56:53 AM,0.131075,0.07026797,3.881955,0.01798151,0.989502,-0.1072005
10/22/2020 7:56:53 AM,0.1217026,0.06918282,3.881794,0.01900675,0.9893007,-0.1057421
10/22/2020 7:56:53 AM,0.1117348,0.06705657,3.881891,0.02011308,0.9891362,-0.1044445
10/22/2020 7:56:53 AM,0.1019052,0.0651189,3.882341,0.02185085,0.98899,-0.1038773
10/22/2020 7:56:53 AM,0.09200758,0.06497721,3.883431,0.02493044,0.9886428,-0.103611
10/22/2020 7:56:53 AM,0.08198671,0.06419555,3.883996,0.02946374,0.9880411,-0.1022287
10/22/2020 7:56:53 AM,0.07129481,0.06210688,3.885217,0.03285741,0.9873462,-0.1006598
10/22/2020 7:56:53 AM,0.06064453,0.06097349,3.885441,0.03557471,0.986555,-0.100794
10/22/2020 7:56:53 AM,0.04988004,0.06164628,3.886507,0.04078206,0.9855396,-0.1002761
10/22/2020 7:56:53 AM,0.03907333,0.0633832,3.886453,0.0485345,0.9840564,-0.09918915
10/22/2020 7:56:53 AM,0.02777677,0.06583137,3.886009,0.05678378,0.9821892,-0.09704559
10/22/2020 7:56:53 AM,0.01575007,0.06519366,3.885486,0.06140961,0.9798289,-0.0971449
10/22/2020 7:56:53 AM,0.003812094,0.06661306,3.885693,0.06138439,0.977421,-0.1028337
10/22/2020 7:56:53 AM,-0.007153496,0.06965607,3.88553,0.06209319,0.9752424,-0.1066018
10/22/2020 7:56:53 AM,-0.01813827,0.07197315,3.885925,0.06191462,0.9729291,-0.107392
10/22/2020 7:56:53 AM,-0.02909947,0.07388596,3.885314,0.05656876,0.9709973,-0.1086773
10/22/2020 7:56:53 AM,-0.04009458,0.07497992,3.884587,0.05126214,0.9695559,-0.1096403
10/22/2020 7:56:53 AM,-0.05053115,0.07447837,3.884164,0.0449469,0.9689341,-0.1075186
10/22/2020 7:56:53 AM,-0.06060968,0.07396025,3.884542,0.04187507,0.9679149,-0.1089474
10/22/2020 7:56:53 AM,-0.069977,0.0749573,3.884389,0.0416858,0.9666237,-0.1085973
10/22/2020 7:56:53 AM,-0.07950046,0.07656292,3.884572,0.04093938,0.9646769,-0.1100394
10/22/2020 7:56:53 AM,-0.08886893,0.07866558,3.884183,0.03638048,0.9631456,-0.1129805
10/22/2020 7:56:53 AM,-0.09824149,0.07999389,3.883537,0.03238428,0.9617358,-0.1152199
10/22/2020 7:56:53 AM,-0.1070462,0.08239052,3.883832,0.02866255,0.9609253,-0.1199817
10/22/2020 7:56:53 AM,-0.1156098,0.08343673,3.885031,0.03084634,0.9605545,-0.1192773
10/22/2020 7:56:53 AM,-0.1239089,0.08494993,3.88561,0.03394521,0.9598929,-0.1172622
10/22/2020 7:56:53 AM,-0.1321545,0.08703323,3.884629,0.03591761,0.9592344,-0.1136161
10/22/2020 7:56:53 AM,-0.1405784,0.08814623,3.883442,0.03683043,0.9591079,-0.1068218
10/22/2020 7:56:53 AM,-0.148555,0.08830938,3.882413,0.03707655,0.9586653,-0.1033033
10/22/2020 7:56:53 AM,-0.1565211,0.0886138,3.881399,0.03640569,0.9579458,-0.1022877
10/22/2020 7:56:53 AM,-0.1642793,0.08931389,3.879848,0.03563208,0.9573312,-0.1007405
10/22/2020 7:56:53 AM,-0.1719782,0.08922122,3.877688,0.03462097,0.9571522,-0.09866895
10/22/2020 7:56:53 AM,-0.1790768,0.08867189,3.875819,0.03414601,0.9572274,-0.09629364
10/22/2020 7:56:53 AM,-0.1859604,0.08907633,3.87349,0.03375115,0.9571902,-0.09282356
10/22/2020 7:56:53 AM,-0.1924922,0.08789791,3.8707,0.03304357,0.9572375,-0.08797996
10/22/2020 7:56:53 AM,-0.1986122,0.08684126,3.867423,0.03304061,0.9573346,-0.08490322
10/22/2020 7:56:53 AM,-0.20429,0.08557859,3.864551,0.03301718,0.9573557,-0.08135964
10/22/2020 7:56:53 AM,-0.2097865,0.08396484,3.861046,0.03458311,0.9571934,-0.07829187
10/22/2020 7:56:53 AM,-0.2150558,0.08318143,3.856955,0.03603301,0.956774,-0.07586531
10/22/2020 7:56:53 AM,-0.2203665,0.08245507,3.852405,0.03636691,0.956451,-0.07314935
10/22/2020 7:56:53 AM,-0.2249983,0.08228329,3.84743,0.03506627,0.9564579,-0.07062166
10/22/2020 7:56:53 AM,-0.2294981,0.08228411,3.842353,0.03343263,0.9568297,-0.06722791
10/22/2020 7:56:53 AM,-0.2335585,0.0819701,3.837654,0.03211739,0.9572625,-0.06298493
10/22/2020 7:56:53 AM,-0.2375556,0.08086991,3.8326,0.03151758,0.9573331,-0.06090004
10/22/2020 7:56:53 AM,-0.2416138,0.07985084,3.826865,0.03175467,0.9573614,-0.06029802
10/22/2020 7:56:53 AM,-0.2457238,0.07828069,3.820979,0.03159578,0.957635,-0.06188144
10/22/2020 7:56:53 AM,-0.2493069,0.07687397,3.815215,0.03252475,0.9582216,-0.06474254
10/22/2020 7:56:53 AM,-0.252588,0.07538161,3.810233,0.03527749,0.9588317,-0.06627185
10/22/2020 7:56:54 AM,-0.2552228,0.07451653,3.805247,0.03967481,0.9589981,-0.0669184
10/22/2020 7:56:54 AM,-0.2582136,0.07452577,3.800199,0.04376905,0.9586915,-0.06558138
10/22/2020 7:56:54 AM,-0.2609697,0.07667297,3.793704,0.04865001,0.9581136,-0.06555554
10/22/2020 7:56:54 AM,-0.264216,0.07935882,3.787933,0.05455543,0.9572224,-0.0632027
10/22/2020 7:56:54 AM,-0.2673628,0.0796406,3.781664,0.05553391,0.9561455,-0.06424953
10/22/2020 7:56:54 AM,-0.2709672,0.08148742,3.776066,0.05683429,0.9552574,-0.06519252
10/22/2020 7:56:54 AM,-0.2746928,0.08260869,3.769703,0.0590896,0.9544614,-0.06289495
10/22/2020 7:56:54 AM,-0.2786174,0.08290697,3.763409,0.05812901,0.9540769,-0.06366095
10/22/2020 7:56:54 AM,-0.2827171,0.08300337,3.756948,0.05885977,0.9538087,-0.06471076
10/22/2020 7:56:54 AM,-0.2869345,0.08282004,3.751319,0.05855369,0.9540737,-0.06645057
10/22/2020 7:56:54 AM,-0.2908718,0.083085,3.745542,0.05836802,0.9545954,-0.06802022
10/22/2020 7:56:54 AM,-0.2949386,0.08417518,3.739845,0.059046,0.9549885,-0.06800392
10/22/2020 7:56:54 AM,-0.298898,0.08517799,3.733914,0.0590752,0.9553221,-0.06660721
10/22/2020 7:56:54 AM,-0.3028511,0.08629251,3.727788,0.05751443,0.9557989,-0.06580435
10/22/2020 7:56:54 AM,-0.306686,0.08743028,3.721699,0.05648592,0.9561611,-0.06517766
10/22/2020 7:56:54 AM,-0.3102706,0.08878487,3.716202,0.05465428,0.9564002,-0.06419232
10/22/2020 7:56:54 AM,-0.3137868,0.08969104,3.710515,0.05306012,0.9563158,-0.06440312
10/22/2020 7:56:54 AM,-0.3172373,0.09138678,3.70504,0.05227908,0.9560216,-0.06527034
10/22/2020 7:56:54 AM,-0.3208619,0.09198706,3.699798,0.05269713,0.9554512,-0.0652995
10/22/2020 7:56:54 AM,-0.324622,0.09243125,3.695019,0.05235483,0.9546617,-0.06684329
10/22/2020 7:56:54 AM,-0.3286645,0.09264591,3.690174,0.05242541,0.953742,-0.0675837
10/22/2020 7:56:54 AM,-0.3324662,0.09318958,3.685105,0.05163048,0.9532355,-0.06796994
10/22/2020 7:56:54 AM,-0.3361521,0.09323086,3.680368,0.05089702,0.9528396,-0.06812383
10/22/2020 7:56:54 AM,-0.3396218,0.09315358,3.676219,0.05043824,0.9523307,-0.0681022
10/22/2020 7:56:54 AM,-0.3429573,0.09337936,3.672356,0.05077561,0.9514599,-0.06729903
10/22/2020 7:56:54 AM,-0.3466132,0.09296039,3.668205,0.05203838,0.9501328,-0.06566714
10/22/2020 7:56:54 AM,-0.3507054,0.09250115,3.663883,0.05386657,0.948616,-0.06418833
10/22/2020 7:56:54 AM,-0.3550518,0.09218264,3.659505,0.05498024,0.9471589,-0.06344128
10/22/2020 7:56:54 AM,-0.3595785,0.09162448,3.655202,0.05581664,0.945797,-0.06344412
10/22/2020 7:56:54 AM,-0.3644938,0.09128626,3.651219,0.05658409,0.9444163,-0.06373683
10/22/2020 7:56:54 AM,-0.3695596,0.09106395,3.64723,0.05702275,0.9431569,-0.06438933
10/22/2020 7:56:54 AM,-0.3749756,0.09053388,3.643373,0.05712763,0.9420018,-0.06522162
10/22/2020 7:56:54 AM,-0.3804246,0.09002299,3.639749,0.05648059,0.9409816,-0.06656482
10/22/2020 7:56:54 AM,-0.3861479,0.08959334,3.636524,0.05570801,0.9397878,-0.06812935
10/22/2020 7:56:54 AM,-0.3919236,0.08856641,3.63336,0.05496553,0.9383243,-0.06987128
10/22/2020 7:56:54 AM,-0.3981169,0.0876524,3.630138,0.05430454,0.9368698,-0.07204819
10/22/2020 7:56:54 AM,-0.4044095,0.08673912,3.627249,0.05418892,0.9355303,-0.0741962
10/22/2020 7:56:54 AM,-0.4113974,0.08608812,3.624259,0.0542542,0.9344095,-0.07555865
10/22/2020 7:56:54 AM,-0.4183519,0.08553378,3.621499,0.0541377,0.9334636,-0.07664212
10/22/2020 7:56:54 AM,-0.4259507,0.08466608,3.618505,0.05487905,0.9324391,-0.07693032
10/22/2020 7:56:54 AM,-0.4339599,0.08382986,3.615964,0.05540372,0.9311253,-0.07710876
10/22/2020 7:56:54 AM,-0.4423873,0.08281137,3.612936,0.0559177,0.9298186,-0.0771986
10/22/2020 7:56:54 AM,-0.4513083,0.08155255,3.609929,0.05609511,0.9287186,-0.07728447
10/22/2020 7:56:54 AM,-0.460296,0.08007409,3.606952,0.0564652,0.9279765,-0.07776317
10/22/2020 7:56:54 AM,-0.4695731,0.07869705,3.604198,0.05727283,0.9270953,-0.07816214
10/22/2020 7:56:54 AM,-0.4792275,0.07736132,3.601549,0.05905408,0.9261172,-0.07810872
10/22/2020 7:56:54 AM,-0.4895398,0.07568196,3.598661,0.06094391,0.9247913,-0.07816172
10/22/2020 7:56:54 AM,-0.4999835,0.07392868,3.595479,0.06201051,0.9237915,-0.07825568
10/22/2020 7:56:54 AM,-0.5106046,0.07262676,3.59211,0.06298561,0.923355,-0.07954171
10/22/2020 7:56:54 AM,-0.5220752,0.07061352,3.588861,0.06442727,0.9231046,-0.08044233
10/22/2020 7:56:54 AM,-0.5329545,0.06988484,3.586086,0.06612678,0.9232377,-0.08227308
10/22/2020 7:56:54 AM,-0.5449279,0.06755985,3.583468,0.06819265,0.9224178,-0.08296927
10/22/2020 7:56:54 AM,-0.5564053,0.0677705,3.580204,0.07074702,0.9215652,-0.08501274
10/22/2020 7:56:54 AM,-0.5683081,0.06907548,3.576333,0.07521805,0.9200364,-0.08401738
10/22/2020 7:56:54 AM,-0.5807238,0.06863783,3.572762,0.07728345,0.9182968,-0.08319606
10/22/2020 7:56:54 AM,-0.5933844,0.0677706,3.568526,0.07665278,0.9168907,-0.0864327
10/22/2020 7:56:54 AM,-0.6053117,0.06883632,3.565085,0.07605014,0.9164472,-0.08853866
10/22/2020 7:56:54 AM,-0.61786,0.06804263,3.561368,0.07520522,0.9150724,-0.08986102
10/22/2020 7:56:54 AM,-0.6296782,0.06973068,3.557484,0.07477418,0.9139414,-0.09118159
10/22/2020 7:56:54 AM,-0.641185,0.07184519,3.552559,0.07293331,0.913004,-0.09255041
10/22/2020 7:56:55 AM,-0.6524574,0.07373033,3.547742,0.0694266,0.9125679,-0.09409554
10/22/2020 7:56:55 AM,-0.6637094,0.07508536,3.543313,0.06420632,0.9128676,-0.09572134
10/22/2020 7:56:55 AM,-0.674309,0.07550553,3.538974,0.06114986,0.9137567,-0.09559767
10/22/2020 7:56:55 AM,-0.6849048,0.07579258,3.535511,0.05765578,0.914394,-0.09469233
10/22/2020 7:56:55 AM,-0.694707,0.07588974,3.531725,0.0554774,0.9147047,-0.09307259
10/22/2020 7:56:55 AM,-0.7043907,0.07592265,3.528067,0.05581294,0.9143256,-0.09016656
10/22/2020 7:56:55 AM,-0.7130623,0.07722749,3.524371,0.05512438,0.9129544,-0.08815344
10/22/2020 7:56:55 AM,-0.7217906,0.07790501,3.519869,0.05354562,0.9106868,-0.08703954
10/22/2020 7:56:55 AM,-0.7305843,0.07808796,3.514765,0.0526055,0.9085025,-0.08665996
10/22/2020 7:56:55 AM,-0.7389722,0.07878747,3.509698,0.04963701,0.9071483,-0.08684668
10/22/2020 7:56:55 AM,-0.7464797,0.07979022,3.504455,0.04768755,0.9063861,-0.08681488
10/22/2020 7:56:55 AM,-0.7538873,0.0798909,3.499314,0.04535539,0.9054601,-0.08611451
10/22/2020 7:56:55 AM,-0.7610914,0.07978409,3.493812,0.04218974,0.9050209,-0.08643653
10/22/2020 7:56:55 AM,-0.7680032,0.07974311,3.4881,0.04014521,0.9047967,-0.08625723
10/22/2020 7:56:55 AM,-0.7743933,0.07999711,3.482493,0.03778763,0.9046602,-0.08610915
10/22/2020 7:56:55 AM,-0.7809191,0.07998955,3.476973,0.03568139,0.9042765,-0.08570713
10/22/2020 7:56:55 AM,-0.7867496,0.07977132,3.470511,0.03335056,0.903998,-0.08548338
10/22/2020 7:56:55 AM,-0.7928721,0.07943199,3.463974,0.03095096,0.903854,-0.08556412
10/22/2020 7:56:55 AM,-0.7980694,0.07867429,3.457443,0.02912685,0.9041286,-0.08513648
10/22/2020 7:56:55 AM,-0.8032363,0.07784344,3.450276,0.02828712,0.9043401,-0.08539394
10/22/2020 7:56:55 AM,-0.8082805,0.07701714,3.443171,0.02674491,0.9043975,-0.0854029
10/22/2020 7:56:55 AM,-0.8124837,0.07589451,3.435811,0.02600894,0.9047825,-0.08612838
10/22/2020 7:56:55 AM,-0.8166159,0.07480088,3.428131,0.02514987,0.9048141,-0.08612308
10/22/2020 7:56:55 AM,-0.8200836,0.07386373,3.419739,0.02435379,0.9049336,-0.0858102
10/22/2020 7:56:55 AM,-0.8232145,0.07275337,3.411153,0.02305056,0.9049586,-0.08600627
10/22/2020 7:56:55 AM,-0.8258981,0.0710464,3.401955,0.02132665,0.9050009,-0.08672651
10/22/2020 7:56:55 AM,-0.8279995,0.0694285,3.39287,0.0198179,0.9050918,-0.0880576
10/22/2020 7:56:55 AM,-0.8298993,0.06781749,3.383207,0.0187485,0.9052388,-0.08927619
10/22/2020 7:56:55 AM,-0.8314428,0.06593575,3.373126,0.01774401,0.9057046,-0.09110004
10/22/2020 7:56:55 AM,-0.832687,0.06408001,3.36295,0.01742751,0.906387,-0.09332981
10/22/2020 7:56:55 AM,-0.8336791,0.06196226,3.352594,0.01779852,0.907209,-0.0954767
10/22/2020 7:56:55 AM,-0.8343357,0.05989336,3.342484,0.01855353,0.9079981,-0.09835469
10/22/2020 7:56:55 AM,-0.8347347,0.05812311,3.332259,0.01979474,0.9086899,-0.1017119
10/22/2020 7:56:55 AM,-0.8346456,0.05657159,3.322193,0.02128961,0.9088994,-0.1047378
10/22/2020 7:56:55 AM,-0.8341815,0.05514764,3.311678,0.02286518,0.9089277,-0.1070186
10/22/2020 7:56:55 AM,-0.8332398,0.05413305,3.30118,0.02382373,0.9089124,-0.1081904
10/22/2020 7:56:55 AM,-0.8318555,0.05291849,3.29106,0.02563094,0.9085737,-0.1086172
10/22/2020 7:56:55 AM,-0.8300667,0.05218425,3.28099,0.02684772,0.9078614,-0.1091097
10/22/2020 7:56:55 AM,-0.8283631,0.05109492,3.270765,0.02959997,0.9069188,-0.1100566
10/22/2020 7:56:55 AM,-0.8263474,0.05096369,3.260108,0.03304849,0.9056101,-0.109584
10/22/2020 7:56:55 AM,-0.8242964,0.05124216,3.248825,0.03654744,0.9046097,-0.1102888
10/22/2020 7:56:55 AM,-0.8222255,0.05230232,3.237824,0.0401049,0.903799,-0.1097668
10/22/2020 7:56:55 AM,-0.8201613,0.05360721,3.226815,0.04231103,0.9029533,-0.1110344
10/22/2020 7:56:55 AM,-0.8175833,0.05687297,3.21583,0.04549297,0.9021379,-0.1118561
10/22/2020 7:56:55 AM,-0.8153614,0.05955845,3.205375,0.04965551,0.9003087,-0.1123332
10/22/2020 7:56:55 AM,-0.8137159,0.06208393,3.194708,0.05225341,0.8981812,-0.1141683
10/22/2020 7:56:55 AM,-0.8122898,0.06427743,3.184185,0.05407637,0.8963913,-0.1165306
10/22/2020 7:56:55 AM,-0.811103,0.06552549,3.174744,0.05457233,0.8948793,-0.1195708
10/22/2020 7:56:55 AM,-0.8101302,0.06585102,3.166241,0.05406637,0.8932564,-0.1226933
10/22/2020 7:56:55 AM,-0.8091729,0.06600812,3.157847,0.05369193,0.8916545,-0.1243379
10/22/2020 7:56:55 AM,-0.8081011,0.06676592,3.149114,0.05392417,0.8901815,-0.1243808
10/22/2020 7:56:55 AM,-0.8071415,0.06783272,3.139815,0.05514709,0.8891938,-0.1212736
10/22/2020 7:56:55 AM,-0.8060185,0.06821211,3.13079,0.05595506,0.8881444,-0.1184593
10/22/2020 7:56:55 AM,-0.8052727,0.0688263,3.121963,0.0564075,0.8867348,-0.1176049
10/22/2020 7:56:55 AM,-0.8044249,0.06949583,3.113199,0.05640985,0.8853205,-0.1167438
10/22/2020 7:56:55 AM,-0.8036249,0.06994523,3.104443,0.0563702,0.8838221,-0.1166018
10/22/2020 7:56:55 AM,-0.8027149,0.07061857,3.095937,0.05639419,0.8821897,-0.1167871
10/22/2020 7:56:55 AM,-0.8021321,0.07173934,3.087663,0.05731938,0.8801813,-0.1171589
10/22/2020 7:56:55 AM,-0.8016316,0.07253613,3.079654,0.05866565,0.8776628,-0.1174938
10/22/2020 7:56:55 AM,-0.8016032,0.07324198,3.071827,0.05984007,0.8744897,-0.1188253
10/22/2020 7:56:56 AM,-0.8015796,0.07404338,3.064102,0.06040087,0.8716835,-0.1190466
10/22/2020 7:56:56 AM,-0.8018021,0.07473007,3.056689,0.06012815,0.8686378,-0.1196963
10/22/2020 7:56:56 AM,-0.8019606,0.07528321,3.049517,0.0600221,0.8654428,-0.1196615
10/22/2020 7:56:56 AM,-0.802315,0.07581398,3.042673,0.0604183,0.8617533,-0.1190817
10/22/2020 7:56:56 AM,-0.8030358,0.07626078,3.035453,0.06089876,0.8577766,-0.1175897
10/22/2020 7:56:56 AM,-0.8036954,0.07681735,3.028052,0.06111613,0.8540267,-0.1157554
10/22/2020 7:56:56 AM,-0.8051012,0.0771157,3.020885,0.0608957,0.8501815,-0.1132565
10/22/2020 7:56:56 AM,-0.8063093,0.07699931,3.013274,0.06002273,0.8465475,-0.111315
10/22/2020 7:56:56 AM,-0.8080996,0.07659176,3.005792,0.05923037,0.843169,-0.1097524
10/22/2020 7:56:56 AM,-0.8099884,0.07628367,2.998058,0.059138,0.8402407,-0.1082575
10/22/2020 7:56:56 AM,-0.8124195,0.07602488,2.990622,0.05921207,0.837573,-0.1073908
10/22/2020 7:56:56 AM,-0.8154247,0.07567339,2.983099,0.06001167,0.835138,-0.1054324
10/22/2020 7:56:56 AM,-0.8188426,0.07574099,2.976057,0.05881448,0.8330689,-0.1046885
10/22/2020 7:56:56 AM,-0.8219841,0.07529445,2.969095,0.05749719,0.8304011,-0.1038389
10/22/2020 7:56:56 AM,-0.8253429,0.07478177,2.961975,0.05647895,0.827372,-0.1034489
10/22/2020 7:56:56 AM,-0.8292558,0.07393582,2.955029,0.05544239,0.8240691,-0.1033804
10/22/2020 7:56:56 AM,-0.8334448,0.0731779,2.948181,0.0544544,0.8208075,-0.10366
10/22/2020 7:56:56 AM,-0.8377285,0.07237618,2.941484,0.05395414,0.8175531,-0.1031446
10/22/2020 7:56:56 AM,-0.8424369,0.07200982,2.93502,0.05408447,0.8139513,-0.1009625
10/22/2020 7:56:56 AM,-0.8471007,0.07129234,2.927954,0.05465247,0.8098473,-0.0975427
10/22/2020 7:56:56 AM,-0.8521407,0.07071772,2.920713,0.05484132,0.8056349,-0.09399155
10/22/2020 7:56:56 AM,-0.8573308,0.06983583,2.913079,0.0551894,0.8016828,-0.09034605
10/22/2020 7:56:56 AM,-0.8626899,0.06867968,2.905242,0.05572786,0.7982776,-0.08746015
10/22/2020 7:56:56 AM,-0.8683028,0.06785411,2.89719,0.05635588,0.7952027,-0.08525828
10/22/2020 7:56:56 AM,-0.8741698,0.06658836,2.889539,0.05745474,0.7924207,-0.0835935
10/22/2020 7:56:56 AM,-0.8800522,0.06586461,2.881629,0.05848792,0.7894496,-0.08187188
10/22/2020 7:56:56 AM,-0.8860021,0.06481057,2.873517,0.05915922,0.7867886,-0.07948287
10/22/2020 7:56:56 AM,-0.8916795,0.06397676,2.865133,0.05940402,0.7845672,-0.07722662
10/22/2020 7:56:56 AM,-0.8974458,0.06396781,2.856874,0.06078691,0.7825126,-0.07516573
10/22/2020 7:56:56 AM,-0.9034303,0.06419626,2.848339,0.06272091,0.7799737,-0.0730646
10/22/2020 7:56:56 AM,-0.9097853,0.06378847,2.839925,0.0647952,0.777306,-0.07186096
10/22/2020 7:56:56 AM,-0.9156843,0.06563185,2.831175,0.06819092,0.7747589,-0.07234604
10/22/2020 7:56:56 AM,-0.9225205,0.06680664,2.822809,0.07215957,0.7712473,-0.06999922
10/22/2020 7:56:56 AM,-0.9295771,0.06628326,2.813678,0.07522659,0.7673844,-0.07173277
10/22/2020 7:56:56 AM,-0.9356574,0.06929632,2.804344,0.07878974,0.7653323,-0.07469195
10/22/2020 7:56:56 AM,-0.9419922,0.07288204,2.795514,0.0821692,0.7630892,-0.07168901
10/22/2020 7:56:56 AM,-0.9483995,0.07448319,2.785949,0.08411825,0.7597764,-0.07132269
10/22/2020 7:56:56 AM,-0.9541556,0.07744542,2.77633,0.0830874,0.7585,-0.07287104
10/22/2020 7:56:56 AM,-0.9603549,0.07928762,2.767305,0.08281502,0.7568147,-0.07221451
10/22/2020 7:56:56 AM,-0.9664649,0.07936706,2.758541,0.0814553,0.7549414,-0.07231777
10/22/2020 7:56:56 AM,-0.9725699,0.07983698,2.749577,0.08114415,0.7528385,-0.07294714
10/22/2020 7:56:56 AM,-0.9785022,0.08003789,2.740639,0.08118232,0.7505016,-0.0731037
10/22/2020 7:56:56 AM,-0.9846473,0.07968383,2.731763,0.08123931,0.7477396,-0.07383068
10/22/2020 7:56:56 AM,-0.9904488,0.07953428,2.722719,0.08102125,0.7446829,-0.07463451
10/22/2020 7:56:56 AM,-0.9960213,0.07942794,2.71372,0.07950784,0.7414913,-0.07594828
10/22/2020 7:56:56 AM,-1.001151,0.07957637,2.704469,0.07818383,0.7387385,-0.07720501
10/22/2020 7:56:56 AM,-1.006688,0.07898037,2.695672,0.07605213,0.736111,-0.07917086
10/22/2020 7:56:56 AM,-1.011795,0.07843874,2.687178,0.07458463,0.7336121,-0.08259559
10/22/2020 7:56:56 AM,-1.017191,0.07807616,2.679212,0.07377042,0.7306524,-0.08535477
10/22/2020 7:56:56 AM,-1.022229,0.0778365,2.671215,0.0741531,0.7271301,-0.08768708
10/22/2020 7:56:56 AM,-1.027084,0.07814778,2.662955,0.07406119,0.7236262,-0.08896241
10/22/2020 7:56:56 AM,-1.03114,0.07867041,2.654515,0.07129235,0.7216236,-0.09057404
10/22/2020 7:56:56 AM,-1.035401,0.07869277,2.646545,0.06767114,0.720015,-0.09236778
10/22/2020 7:56:56 AM,-1.039652,0.07829479,2.639181,0.0625428,0.7191958,-0.09462934
10/22/2020 7:56:56 AM,-1.043586,0.07766559,2.632486,0.05752693,0.7182629,-0.09747969
10/22/2020 7:56:56 AM,-1.047812,0.07677414,2.625925,0.05258318,0.7176343,-0.1007958
10/22/2020 7:56:56 AM,-1.05176,0.07576299,2.619463,0.04863992,0.716825,-0.1040673
10/22/2020 7:56:56 AM,-1.055669,0.07429175,2.613995,0.04581934,0.7164934,-0.1072225
10/22/2020 7:56:56 AM,-1.059698,0.07355358,2.608978,0.04547183,0.7152995,-0.1089029
10/22/2020 7:56:56 AM,-1.062994,0.0738848,2.603381,0.0458157,0.7133504,-0.1089985
10/22/2020 7:56:57 AM,-1.066274,0.07356608,2.597988,0.04459681,0.7117333,-0.1099757
10/22/2020 7:56:57 AM,-1.069473,0.07322785,2.59286,0.04303251,0.710537,-0.1116198
10/22/2020 7:56:57 AM,-1.072821,0.07267831,2.588593,0.04147884,0.7095093,-0.1137501
10/22/2020 7:56:57 AM,-1.076408,0.07187819,2.584696,0.04076527,0.7081431,-0.1159117
10/22/2020 7:56:57 AM,-1.080042,0.07167416,2.580832,0.04037743,0.706335,-0.117932
10/22/2020 7:56:57 AM,-1.08343,0.07151444,2.57659,0.0397507,0.7046957,-0.1199407
10/22/2020 7:56:57 AM,-1.086613,0.0713051,2.572763,0.03815365,0.7039912,-0.1221118
10/22/2020 7:56:57 AM,-1.089873,0.0709926,2.569053,0.0364423,0.7036416,-0.1241007
10/22/2020 7:56:57 AM,-1.093343,0.0708193,2.56584,0.03436028,0.7035164,-0.1261699
10/22/2020 7:56:57 AM,-1.096123,0.07054945,2.562751,0.0327604,0.7044976,-0.1264684
10/22/2020 7:56:57 AM,-1.099286,0.07067437,2.559852,0.0306471,0.7051082,-0.1264075
10/22/2020 7:56:57 AM,-1.101926,0.07041453,2.556861,0.02863439,0.7062932,-0.1256676
10/22/2020 7:56:57 AM,-1.104544,0.07014775,2.554417,0.02713975,0.7074505,-0.1248548
10/22/2020 7:56:57 AM,-1.107178,0.06974628,2.552073,0.02682352,0.7082194,-0.1235527
10/22/2020 7:56:57 AM,-1.109735,0.0694713,2.550074,0.02710338,0.7085667,-0.1225077
10/22/2020 7:56:57 AM,-1.11217,0.06942359,2.547728,0.02780654,0.7085561,-0.121843
10/22/2020 7:56:57 AM,-1.114283,0.06968451,2.545588,0.02792675,0.7089468,-0.1215038
10/22/2020 7:56:57 AM,-1.116423,0.06985012,2.543646,0.02737084,0.7095065,-0.1211906
10/22/2020 7:56:57 AM,-1.118542,0.06975326,2.541816,0.02721379,0.7097093,-0.1204998
10/22/2020 7:56:57 AM,-1.120581,0.06998364,2.540167,0.02658533,0.709514,-0.1198664
10/22/2020 7:56:57 AM,-1.122445,0.06962293,2.538546,0.02576056,0.7094404,-0.1193637
10/22/2020 7:56:57 AM,-1.124062,0.06950831,2.536751,0.02464021,0.7095505,-0.119333
10/22/2020 7:56:57 AM,-1.125908,0.0689141,2.535217,0.02373479,0.7097546,-0.119891
10/22/2020 7:56:57 AM,-1.127677,0.0685308,2.534146,0.0233097,0.7100571,-0.1204656
10/22/2020 7:56:57 AM,-1.129504,0.06873146,2.532947,0.02308821,0.7102033,-0.1208794
10/22/2020 7:56:57 AM,-1.131214,0.06857657,2.531872,0.02239938,0.710483,-0.1209257
10/22/2020 7:56:57 AM,-1.132841,0.06818376,2.530957,0.02174754,0.7111135,-0.1207247
10/22/2020 7:56:57 AM,-1.134566,0.06781854,2.529851,0.02185078,0.7117947,-0.1206163
10/22/2020 7:56:57 AM,-1.136402,0.06740205,2.529117,0.02260895,0.7124087,-0.120299
10/22/2020 7:56:57 AM,-1.138132,0.06679272,2.528037,0.0233029,0.713001,-0.1204423
10/22/2020 7:56:57 AM,-1.140079,0.06629214,2.527108,0.02402592,0.7134587,-0.1215998
10/22/2020 7:56:57 AM,-1.142035,0.06536309,2.526103,0.02567203,0.7140023,-0.1229822
10/22/2020 7:56:57 AM,-1.144007,0.06468514,2.525314,0.02709597,0.7144567,-0.1237283
10/22/2020 7:56:57 AM,-1.145746,0.06486037,2.524097,0.02759163,0.714554,-0.1238377
10/22/2020 7:56:57 AM,-1.147404,0.06459855,2.522711,0.02700234,0.7146668,-0.1232844
10/22/2020 7:56:57 AM,-1.149189,0.0645076,2.52168,0.02529165,0.7147399,-0.1225456
10/22/2020 7:56:57 AM,-1.150873,0.06391855,2.520601,0.02300263,0.7145381,-0.1236426
10/22/2020 7:56:57 AM,-1.152626,0.06346614,2.519634,0.02083234,0.7146221,-0.1248976
10/22/2020 7:56:57 AM,-1.15426,0.0631384,2.518759,0.01818571,0.7148818,-0.1263034
10/22/2020 7:56:57 AM,-1.155644,0.06290731,2.518084,0.01572084,0.715203,-0.1266001
10/22/2020 7:56:57 AM,-1.157076,0.06255183,2.517364,0.0136891,0.715381,-0.1259675
10/22/2020 7:56:57 AM,-1.15858,0.06201188,2.516721,0.01194627,0.7153696,-0.1256184
10/22/2020 7:56:57 AM,-1.159831,0.06168595,2.515916,0.01047648,0.715269,-0.1255641
10/22/2020 7:56:57 AM,-1.161246,0.06146317,2.515134,0.008970936,0.7152718,-0.1258773
10/22/2020 7:56:57 AM,-1.162542,0.0613988,2.514186,0.007516969,0.7155696,-0.1270719
10/22/2020 7:56:57 AM,-1.1641,0.06136348,2.513433,0.006281945,0.7163935,-0.1281186
10/22/2020 7:56:57 AM,-1.164909,0.06153607,2.512738,0.005085879,0.7182336,-0.1273341
10/22/2020 7:56:57 AM,-1.166298,0.06139392,2.512301,0.00360222,0.7195169,-0.1263188
10/22/2020 7:56:57 AM,-1.1673,0.06175049,2.511823,0.002286343,0.7207659,-0.1248921
10/22/2020 7:56:57 AM,-1.168242,0.06179424,2.511322,0.0006300922,0.7216968,-0.1231156
10/22/2020 7:56:57 AM,-1.168855,0.06200325,2.51069,-0.001332158,0.7225597,-0.1217431
10/22/2020 7:56:57 AM,-1.169602,0.06182734,2.510339,-0.003051519,0.7234929,-0.1208995
10/22/2020 7:56:57 AM,-1.170058,0.06157329,2.510087,-0.004351173,0.7242763,-0.1204711
10/22/2020 7:56:57 AM,-1.170609,0.06130375,2.509916,-0.005153679,0.7247863,-0.1200729
10/22/2020 7:56:57 AM,-1.170815,0.06132728,2.509618,-0.005616252,0.7250547,-0.1200828
10/22/2020 7:56:57 AM,-1.171129,0.06120589,2.509156,-0.006023821,0.7251599,-0.1199109
10/22/2020 7:56:57 AM,-1.171218,0.06124646,2.508592,-0.006608162,0.725481,-0.1203794
10/22/2020 7:56:57 AM,-1.171416,0.06096211,2.508112,-0.006951443,0.7261229,-0.120995
10/22/2020 7:56:57 AM,-1.171425,0.06066613,2.507698,-0.007057557,0.7269095,-0.1214543
10/22/2020 7:56:57 AM,-1.171658,0.06066258,2.507207,-0.007196617,0.72752,-0.1220049
10/22/2020 7:56:58 AM,-1.171623,0.06108887,2.50653,-0.007655936,0.7281761,-0.1222819
10/22/2020 7:56:58 AM,-1.171576,0.06099448,2.506022,-0.008383812,0.7287948,-0.1229895
10/22/2020 7:56:58 AM,-1.171396,0.06116899,2.505708,-0.008965324,0.7293471,-0.1233067
10/22/2020 7:56:58 AM,-1.171201,0.06089116,2.505354,-0.0092477,0.7297447,-0.1238916
10/22/2020 7:56:58 AM,-1.171139,0.06083617,2.504922,-0.008962733,0.7300389,-0.1240864
10/22/2020 7:56:58 AM,-1.170883,0.06066926,2.504319,-0.0089273,0.7304735,-0.1243297
10/22/2020 7:56:58 AM,-1.17056,0.06059461,2.50353,-0.008539188,0.7309461,-0.124766
10/22/2020 7:56:58 AM,-1.170418,0.06018345,2.502992,-0.008146782,0.731463,-0.1254767
10/22/2020 7:56:58 AM,-1.170226,0.05993648,2.502398,-0.007391881,0.7316073,-0.1262697
10/22/2020 7:56:58 AM,-1.170055,0.05964342,2.501517,-0.006938018,0.731715,-0.1272983
10/22/2020 7:56:58 AM,-1.169627,0.05957798,2.500503,-0.006901921,0.7320403,-0.1283059
10/22/2020 7:56:58 AM,-1.169514,0.05934828,2.499336,-0.007398809,0.7325603,-0.1295957
10/22/2020 7:56:58 AM,-1.169186,0.05894604,2.498392,-0.007667482,0.7333472,-0.131143
10/22/2020 7:56:58 AM,-1.169072,0.05834974,2.497354,-0.007485513,0.7342911,-0.1334896
10/22/2020 7:56:58 AM,-1.168826,0.0578848,2.496384,-0.006687246,0.73543,-0.1355563
10/22/2020 7:56:58 AM,-1.168771,0.05772298,2.49525,-0.006006361,0.7364485,-0.1373444
10/22/2020 7:56:58 AM,-1.168336,0.05772706,2.494065,-0.005594359,0.7375777,-0.1386247
10/22/2020 7:56:58 AM,-1.168206,0.05756501,2.492891,-0.005783407,0.7386042,-0.1395719
10/22/2020 7:56:58 AM,-1.167894,0.05749041,2.491722,-0.005902851,0.739338,-0.1401477
10/22/2020 7:56:58 AM,-1.167552,0.05668859,2.490772,-0.005570662,0.7400453,-0.1401553
10/22/2020 7:56:58 AM,-1.167484,0.05669563,2.489714,-0.005688193,0.740031,-0.1413867
10/22/2020 7:56:58 AM,-1.166916,0.05615338,2.488302,-0.00596057,0.7400868,-0.1415888
10/22/2020 7:56:58 AM,-1.166121,0.05558259,2.487182,-0.006125449,0.7401143,-0.1425096
10/22/2020 7:56:58 AM,-1.165692,0.05498151,2.486002,-0.006453936,0.7401705,-0.1437316
10/22/2020 7:56:58 AM,-1.165117,0.05402727,2.485111,-0.005947291,0.7397564,-0.1453138
10/22/2020 7:56:58 AM,-1.164569,0.05303828,2.483924,-0.004783308,0.7389764,-0.1470769
10/22/2020 7:56:58 AM,-1.16355,0.05295581,2.482406,-0.003852124,0.7383198,-0.149034
10/22/2020 7:56:58 AM,-1.162602,0.05275895,2.480755,-0.003354141,0.7381021,-0.1506308
10/22/2020 7:56:58 AM,-1.161266,0.05226254,2.479213,-0.002749892,0.7383353,-0.151895
10/22/2020 7:56:58 AM,-1.160141,0.05211939,2.477506,-0.002323112,0.738737,-0.1532148
10/22/2020 7:56:58 AM,-1.159081,0.05169308,2.47613,-0.00238656,0.7391586,-0.1550927
10/22/2020 7:56:58 AM,-1.157985,0.05135656,2.474591,-0.002343571,0.7397195,-0.1566322
10/22/2020 7:56:58 AM,-1.156196,0.05086723,2.473198,-0.002308131,0.7403327,-0.1582175
10/22/2020 7:56:58 AM,-1.15475,0.05028022,2.471648,-0.001850225,0.7410085,-0.1594929
10/22/2020 7:56:58 AM,-1.15287,0.05004291,2.470027,-0.001229737,0.7417364,-0.1608943
10/22/2020 7:56:58 AM,-1.150985,0.04973738,2.468247,-0.0002049759,0.7427415,-0.1622063
10/22/2020 7:56:58 AM,-1.148895,0.04926659,2.466781,0.001244494,0.7438241,-0.1629345
10/22/2020 7:56:58 AM,-1.146439,0.04903291,2.46489,0.002572551,0.7446435,-0.1637096
10/22/2020 7:56:58 AM,-1.144196,0.04878061,2.463266,0.003679303,0.7452444,-0.1647889
10/22/2020 7:56:58 AM,-1.141596,0.04841669,2.461401,0.005010312,0.7459223,-0.1661623
10/22/2020 7:56:58 AM,-1.139464,0.04849128,2.459849,0.006654543,0.7466502,-0.1678459
10/22/2020 7:56:58 AM,-1.136859,0.04854569,2.458139,0.008860349,0.7475907,-0.1687183
10/22/2020 7:56:58 AM,-1.134154,0.04939237,2.456594,0.01098731,0.7484521,-0.1678268
10/22/2020 7:56:58 AM,-1.131043,0.04962508,2.45467,0.012363,0.7491652,-0.1667946
10/22/2020 7:56:58 AM,-1.128065,0.04969742,2.452984,0.01396047,0.7497891,-0.166221
10/22/2020 7:56:58 AM,-1.124814,0.04951257,2.450903,0.01567384,0.7501898,-0.1652778
10/22/2020 7:56:58 AM,-1.121294,0.04927836,2.44873,0.01729004,0.7504436,-0.1650026
10/22/2020 7:56:58 AM,-1.11824,0.04891292,2.446483,0.01904557,0.7506614,-0.1653126
10/22/2020 7:56:58 AM,-1.114303,0.04834736,2.443958,0.02051014,0.751047,-0.1658184
10/22/2020 7:56:58 AM,-1.110722,0.04780147,2.441275,0.02178273,0.7517415,-0.1668333
10/22/2020 7:56:58 AM,-1.1066,0.04760695,2.438639,0.02256879,0.7525101,-0.1677543
10/22/2020 7:56:58 AM,-1.102054,0.04688136,2.435648,0.02335199,0.7534662,-0.1684981
10/22/2020 7:56:58 AM,-1.097662,0.04629522,2.432791,0.02407419,0.754483,-0.168926
10/22/2020 7:56:58 AM,-1.092933,0.04535653,2.429509,0.02553098,0.75561,-0.1696768
10/22/2020 7:56:58 AM,-1.087942,0.04472751,2.426431,0.02741834,0.7568645,-0.1705793
10/22/2020 7:56:58 AM,-1.082976,0.04408324,2.422901,0.03003957,0.7580131,-0.1717386
10/22/2020 7:56:58 AM,-1.077635,0.04356584,2.419562,0.0329554,0.7593444,-0.1724572
10/22/2020 7:56:58 AM,-1.072098,0.04328676,2.415706,0.03568825,0.7607814,-0.1723102
10/22/2020 7:56:58 AM,-1.066034,0.04288124,2.411786,0.03804658,0.7621563,-0.1718161
10/22/2020 7:56:58 AM,-1.060243,0.04216143,2.40765,0.03995323,0.7633264,-0.1712185
